Magnetism Number of times done
0 -12
1 -12
2 -12
3 -2
4 0
5 -10
6 -20
7 -16
8 -2
9 -16
10 8
11 14
12 4
13 -12
14 -32
15 -44
16 -34
17 -30
18 -32
19 -32
20 -18
21 4
22 -2
23 -18
24 -8
25 -18
26 -16
27 -12
28 -18
29 -16
30 -26
31 -36
32 -30
33 -32
34 -26
35 -42
36 -26
37 -36
38 -36
39 -36
40 -40
41 -28
42 -20
43 -8
44 -24
45 -10
46 -8
47 4
48 18
49 32
50 58
51 60
52 62
53 38
54 36
55 30
56 58
57 44
58 42
59 50
60 52
61 42
62 18
63 30
64 24
65 0
66 -4
67 4
68 -8
69 -18
70 -14
71 -8
72 -26
73 -34
74 -28
75 -46
76 -50
77 -50
78 -38
79 -30
80 0
81 -2
82 10
83 2
84 -4
85 10
86 8
87 8
88 24
89 32
90 38
91 16
92 30
93 26
94 12
95 14
96 24
97 8
98 2
99 -4
100 -2
101 6
102 12
103 4
104 16
105 24
106 30
107 26
108 32
109 14
110 14
111 18
112 6
113 12
114 12
115 28
116 40
117 32
118 36
119 38
120 24
121 32
122 44
123 44
124 52
125 68
126 58
127 38
128 36
129 16
130 22
131 0
132 0
133 -8
134 6
135 8
136 4
137 8
138 8
139 8
140 -8
141 -10
142 -16
143 -24
144 -14
145 -14
146 -34
147 -36
148 -28
149 -26
150 -44
151 -66
152 -60
153 -32
154 -14
155 -40
156 -42
157 -26
158 -20
159 -6
160 -26
161 -26
162 -50
163 -40
164 -40
165 -38
166 -28
167 -42
168 -34
169 -36
170 -28
171 -24
172 -44
173 -48
174 -52
175 -36
176 -24
177 -8
178 10
179 14
180 34
181 24
182 22
183 28
184 30
185 26
186 20
187 8
188 -10
189 -22
190 -24
191 -16
192 -12
193 -10
194 -26
195 -40
196 -52
197 -48
198 -50
199 -44
200 -54
201 -56
202 -50
203 -40
204 -38
205 -34
206 -26
207 -32
208 -30
209 -30
210 -30
211 -18
212 -16
213 -26
214 -38
215 -42
216 -44
217 -50
218 -54
219 -30
220 -42
221 -48
222 -46
223 -26
224 -22
225 -32
226 -38
227 -36
228 -32
229 -42
230 -38
231 -16
232 -24
233 -30
234 -36
235 -50
236 -46
237 -50
238 -58
239 -48
240 -24
241 -20
242 -34
243 -16
244 4
245 12
246 20
247 32
248 32
249 36
250 34
251 16
252 18
253 28
254 18
255 26
256 12
257 4
258 0
259 8
260 20
261 28
262 22
263 22
264 28
265 30
266 22
267 30
268 30
269 18
270 18
271 30
272 36
273 38
274 26
275 24
276 34
277 40
278 54
279 34
280 24
281 30
282 38
283 22
284 8
285 18
286 12
287 8
288 0
289 -16
290 -24
291 -12
292 -28
293 -12
294 -16
295 -20
296 8
297 10
298 8
299 18
300 42
301 38
302 46
303 52
304 72
305 76
306 70
307 68
308 46
309 54
310 32
311 28
312 34
313 18
314 20
315 30
316 30
317 20
318 20
319 40
320 54
321 40
322 32
323 24
324 38
325 36
326 48
327 46
328 46
329 38
330 42
331 32
332 28
333 38
334 34
335 44
336 52
337 46
338 46
339 44
340 36
341 30
342 24
343 16
344 26
345 28
346 18
347 12
348 0
349 6
350 8
351 18
352 20
353 18
354 20
355 2
356 10
357 6
358 6
359 22
360 20
361 28
362 12
363 14
364 4
365 -4
366 4
367 8
368 16
369 22
370 18
371 24
372 28
373 32
374 24
375 14
376 20
377 28
378 32
379 34
380 40
381 42
382 44
383 36
384 30
385 30
386 26
387 34
388 24
389 34
390 36
391 50
392 38
393 38
394 36
395 68
396 66
397 66
398 70
399 56
400 40
401 60
402 52
403 54
404 38
405 28
406 36
407 22
408 32
409 48
410 36
411 52
412 26
413 10
414 -4
415 -12
416 -10
417 -6
418 4
419 -16
420 -16
421 -10
422 -20
423 -16
424 -20
425 -22
426 -28
427 -34
428 -44
429 -44
430 -36
431 -26
432 -42
433 -30
434 -24
435 -8
436 12
437 8
438 0
439 -6
440 -14
441 -34
442 -30
443 -20
444 -18
445 -28
446 -40
447 -48
448 -28
449 -42
450 -40
451 -52
452 -42
453 -54
454 -60
455 -70
456 -70
457 -50
458 -38
459 -54
460 -62
461 -50
462 -38
463 -42
464 -30
465 -32
466 -22
467 -32
468 -34
469 -32
470 -34
471 -38
472 -28
473 -26
474 -24
475 -12
476 0
477 -10
478 -24
479 -12
480 -10
481 -12
482 -34
483 -6
484 -6
485 0
486 -8
487 -26
488 -18
489 -18
490 -8
491 -22
492 -18
493 -20
494 -22
495 -8
496 -26
497 -28
498 -24
499 -16
500 -20
501 -6
502 -6
503 -8
504 -16
505 -30
506 -32
507 -28
508 -34
509 -32
510 -20
511 -12
512 -10
513 -8
514 -12
515 -10
516 -20
517 -12
518 -40
519 -36
520 -30
521 -26
522 0
523 2
524 16
525 18
526 26
527 44
528 28
529 10
530 8
531 20
532 16
533 24
534 28
535 22
536 18
537 14
538 12
539 14
540 24
541 28
542 6
543 18
544 6
545 4
546 4
547 10
548 2
549 16
550 8
551 4
552 16
553 16
554 14
555 8
556 16
557 28
558 24
559 10
560 -6
561 -26
562 -16
563 -6
564 6
565 8
566 16
567 20
568 10
569 0
570 16
571 26
572 16
573 14
574 -4
575 -4
576 2
577 -14
578 -16
579 -6
580 -4
581 14
582 14
583 6
584 16
585 0
586 16
587 10
588 -2
589 6
590 8
591 2
592 -6
593 -12
594 -28
595 -14
596 2
597 2
598 -6
599 -12
600 -6
601 -10
602 -14
603 -4
604 2
605 -18
606 -24
607 -32
608 -12
609 -18
610 -24
611 -8
612 4
613 20
614 24
615 34
616 12
617 8
618 -8
619 -8
620 -14
621 2
622 28
623 22
624 18
625 42
626 56
627 50
628 58
629 70
630 72
631 56
632 40
633 38
634 16
635 26
636 22
637 28
638 40
639 52
640 40
641 28
642 26
643 26
644 22
645 42
646 46
647 50
648 40
649 36
650 40
651 28
652 20
653 24
654 4
655 22
656 24
657 28
658 14
659 10
660 6
661 -6
662 -24
663 -12
664 -22
665 -22
666 -26
667 -14
668 4
669 0
670 6
671 6
672 8
673 12
674 14
675 22
676 28
677 46
678 40
679 36
680 36
681 50
682 66
683 46
684 76
685 66
686 76
687 62
688 48
689 62
690 62
691 48
692 60
693 64
694 68
695 58
696 42
697 30
698 22
699 22
700 4
701 -22
702 -28
703 -38
704 -44
705 -48
706 -62
707 -78
708 -80
709 -78
710 -66
711 -54
712 -36
713 -24
714 -34
715 -42
716 -44
717 -64
718 -56
719 -58
720 -66
721 -48
722 -56
723 -54
724 -54
725 -56
726 -60
727 -54
728 -52
729 -48
730 -30
731 -40
732 -32
733 -38
734 -26
735 -28
736 -38
737 -48
738 -46
739 -42
740 -48
741 -36
742 -34
743 -28
744 -14
745 -14
746 -26
747 -40
748 -36
749 -26
750 -34
751 -30
752 -28
753 -38
754 -44
755 -40
756 -28
757 -36
758 -20
759 -18
760 -34
761 -48
762 -52
763 -50
764 -60
765 -58
766 -48
767 -38
768 -30
769 -20
770 -26
771 -6
772 4
773 -8
774 4
775 36
776 54
777 62
778 58
779 36
780 26
781 16
782 18
783 6
784 20
785 10
786 30
787 10
788 -8
789 4
790 -6
791 -2
792 0
793 -4
794 12
795 16
796 16
797 8
798 18
799 16
800 12
801 20
802 22
803 24
804 36
805 46
806 24
807 38
808 28
809 48
810 40
811 32
812 30
813 38
814 40
815 34
816 38
817 48
818 52
819 46
820 28
821 16
822 10
823 6
824 2
825 10
826 4
827 2
828 -12
829 2
830 -14
831 -24
832 -32
833 -24
834 -30
835 -16
836 -4
837 -6
838 8
839 2
840 10
841 28
842 26
843 32
844 32
845 34
846 48
847 48
848 42
849 32
850 30
851 42
852 32
853 22
854 24
855 0
856 0
857 -6
858 -4
859 -10
860 -42
861 -42
862 -30
863 -20
864 -12
865 -34
866 -34
867 -46
868 -58
869 -82
870 -62
871 -62
872 -44
873 -50
874 -44
875 -42
876 -54
877 -54
878 -34
879 -32
880 -32
881 -36
882 -16
883 -22
884 -20
885 -32
886 -44
887 -38
888 -36
889 -46
890 -34
891 -34
892 -54
893 -60
894 -40
895 -52
896 -64
897 -64
898 -46
899 -36
900 -46
901 -38
902 -16
903 -12
904 -6
905 0
906 10
907 16
908 12
909 20
910 22
911 26
912 42
913 50
914 46
915 44
916 22
917 26
918 18
919 30
920 24
921 28
922 6
923 10
924 20
925 16
926 28
927 34
928 30
929 0
930 -14
931 -2
932 8
933 2
934 -2
935 -10
936 -12
937 -26
938 -26
939 -42
940 -32
941 0
942 8
943 10
944 20
945 12
946 4
947 0
948 -20
949 -26
950 -22
951 -14
952 -22
953 -26
954 -26
955 -20
956 -4
957 -2
958 4
959 -8
960 16
961 -4
962 6
963 -10
964 -6
965 -34
966 -34
967 -42
968 -36
969 -48
970 -28
971 -28
972 -18
973 2
974 -4
975 -6
976 -24
977 -4
978 -6
979 8
980 14
981 2
982 10
983 10
984 16
985 16
986 6
987 2
988 20
989 28
990 30
991 38
992 46
993 46
994 42
995 24
996 40
997 32
998 34
999 54
1000 44
1001 42
1002 28
1003 24
1004 22
1005 4
1006 -4
1007 10
1008 22
1009 14
1010 2
1011 10
1012 26
1013 10
1014 4
1015 2
1016 0
1017 2
1018 4
1019 0
1020 -18
1021 -30
1022 -54
1023 -48
1024 -58
1025 -38
1026 -46
1027 -40
1028 -32
1029 -18
1030 -8
1031 -20
1032 -20
1033 4
1034 16
1035 10
1036 -12
1037 -16
1038 -12
1039 -16
1040 -16
1041 -26
1042 -26
1043 -28
1044 -38
1045 -50
1046 -44
1047 -42
1048 -42
1049 -28
1050 -34
1051 -44
1052 -54
1053 -46
1054 -70
1055 -64
1056 -70
1057 -68
1058 -68
1059 -60
1060 -50
1061 -42
1062 -44
1063 -42
1064 -68
1065 -86
1066 -88
1067 -98
1068 -90
1069 -72
1070 -64
1071 -58
1072 -68
1073 -76
1074 -46
1075 -30
1076 -28
1077 -10
1078 -4
1079 8
1080 6
1081 -2
1082 -10
1083 -8
1084 -12
1085 -6
1086 -14
1087 -14
1088 -30
1089 -8
1090 2
1091 18
1092 4
1093 8
1094 12
1095 6
1096 2
1097 12
1098 6
1099 -10
1100 4
1101 22
1102 4
1103 14
1104 2
1105 12
1106 18
1107 2
1108 16
1109 12
1110 18
1111 10
1112 -6
1113 -18
1114 -8
1115 -8
1116 12
1117 24
1118 16
1119 14
1120 -2
1121 14
1122 26
1123 36
1124 44
1125 50
1126 32
1127 42
1128 28
1129 20
1130 24
1131 20
1132 18
1133 24
1134 12
1135 -8
1136 -18
1137 -18
1138 -24
1139 -24
1140 -10
1141 -18
1142 -4
1143 8
1144 18
1145 34
1146 16
1147 20
1148 18
1149 34
1150 22
1151 22
1152 42
1153 42
1154 40
1155 38
1156 38
1157 42
1158 34
1159 30
1160 8
1161 8
1162 12
1163 8
1164 8
1165 0
1166 0
1167 -2
1168 4
1169 20
1170 24
1171 14
1172 -6
1173 12
1174 24
1175 14
1176 18
1177 12
1178 8
1179 10
1180 12
1181 -8
1182 6
1183 -4
1184 4
1185 -16
1186 -18
1187 -26
1188 -20
1189 -8
1190 0
1191 14
1192 36
1193 42
1194 66
1195 76
1196 84
1197 96
1198 96
1199 72
1200 80
1201 86
1202 106
1203 94
1204 74
1205 78
1206 66
1207 72
1208 68
1209 58
1210 44
1211 62
1212 46
1213 32
1214 16
1215 0
1216 6
1217 28
1218 40
1219 28
1220 24
1221 22
1222 2
1223 14
1224 12
1225 22
1226 16
1227 -14
1228 0
1229 10
1230 10
1231 0
1232 6
1233 0
1234 10
1235 8
1236 8
1237 12
1238 6
1239 -10
1240 -14
1241 -8
1242 -20
1243 -24
1244 -20
1245 -4
1246 14
1247 34
1248 50
1249 34
1250 32
1251 26
1252 24
1253 10
1254 2
1255 -18
1256 -6
1257 4
1258 -8
1259 4
1260 0
1261 4
1262 0
1263 -24
1264 -12
1265 -14
1266 -8
1267 4
1268 -4
1269 -10
1270 -16
1271 -6
1272 -10
1273 -28
1274 -26
1275 -14
1276 -28
1277 -8
1278 2
1279 2
1280 12
1281 6
1282 16
1283 12
1284 16
1285 24
1286 20
1287 6
1288 8
1289 4
1290 10
1291 22
1292 28
1293 36
1294 52
1295 40
1296 40
1297 36
1298 34
1299 26
1300 30
1301 26
1302 12
1303 -2
1304 -24
1305 -22
1306 -16
1307 2
1308 -14
1309 -30
1310 -32
1311 -34
1312 -46
1313 -30
1314 -38
1315 -50
1316 -30
1317 -34
1318 -46
1319 -60
1320 -56
1321 -52
1322 -64
1323 -68
1324 -58
1325 -48
1326 -40
1327 -28
1328 -32
1329 -30
1330 -14
1331 -28
1332 -26
1333 -42
1334 -30
1335 -26
1336 -30
1337 -32
1338 -42
1339 -40
1340 -46
1341 -42
1342 -48
1343 -38
1344 -38
1345 -58
1346 -68
1347 -62
1348 -72
1349 -58
1350 -34
1351 -28
1352 -30
1353 -4
1354 -20
1355 -26
1356 -20
1357 -16
1358 -16
1359 -34
1360 -32
1361 -16
1362 -2
1363 4
1364 10
1365 8
1366 -16
1367 -24
1368 -24
1369 -18
1370 -28
1371 -24
1372 -34
1373 -40
1374 -28
1375 -28
1376 -24
1377 -36
1378 -14
1379 6
1380 -4
1381 -6
1382 -8
1383 0
1384 -8
1385 -10
1386 -14
1387 -18
1388 -20
1389 -18
1390 -22
1391 -10
1392 -4
1393 -10
1394 -16
1395 -18
1396 -14
1397 0
1398 -4
1399 -14
1400 -4
1401 18
1402 24
1403 34
1404 30
1405 38
1406 24
1407 26
1408 22
1409 26
1410 40
1411 48
1412 36
1413 50
1414 58
1415 58
1416 60
1417 42
1418 30
1419 30
1420 42
1421 50
1422 52
1423 60
1424 42
1425 34
1426 36
1427 16
1428 10
1429 22
1430 14
1431 6
1432 4
1433 -4
1434 -4
1435 0
1436 14
1437 16
1438 22
1439 36
1440 38
1441 28
1442 34
1443 26
1444 28
1445 36
1446 6
1447 -10
1448 -16
1449 -12
1450 -12
1451 -22
1452 -18
1453 -16
1454 -28
1455 -34
1456 -8
1457 -14
1458 -24
1459 -16
1460 12
1461 16
1462 28
1463 12
1464 12
1465 10
1466 -6
1467 -10
1468 6
1469 -4
1470 -16
1471 -20
1472 6
1473 6
1474 18
1475 8
1476 16
1477 34
1478 28
1479 30
1480 24
1481 8
1482 4
1483 4
1484 0
1485 -12
1486 -6
1487 -14
1488 -18
1489 -26
1490 0
1491 -6
1492 16
1493 16
1494 8
1495 14
1496 14
1497 30
1498 38
1499 40
1500 30
1501 10
1502 2
1503 22
1504 22
1505 16
1506 4
1507 8
1508 18
1509 18
1510 38
1511 40
1512 36
1513 16
1514 4
1515 14
1516 6
1517 8
1518 12
1519 14
1520 -2
1521 -10
1522 -18
1523 -16
1524 -16
1525 -28
1526 -28
1527 -26
1528 -8
1529 -8
1530 -16
1531 -6
1532 -18
1533 -14
1534 -26
1535 -30
1536 -44
1537 -14
1538 -20
1539 -20
1540 -26
1541 -32
1542 -32
1543 -40
1544 -22
1545 -22
1546 -2
1547 8
1548 6
1549 8
1550 8
1551 4
1552 16
1553 24
1554 14
1555 2
1556 14
1557 22
1558 20
1559 14
1560 2
1561 -6
1562 -10
1563 -6
1564 -2
1565 -20
1566 -14
1567 -14
1568 -28
1569 -26
1570 -34
1571 -22
1572 -14
1573 -14
1574 18
1575 6
1576 0
1577 16
1578 26
1579 2
1580 -2
1581 -14
1582 -14
1583 -12
1584 -28
1585 -26
1586 -34
1587 -20
1588 -18
1589 -14
1590 -14
1591 -14
1592 -22
1593 -32
1594 -20
1595 -16
1596 -18
1597 -34
1598 -22
1599 -30
1600 -48
1601 -50
1602 -60
1603 -50
1604 -30
1605 -32
1606 -30
1607 -22
1608 -16
1609 2
1610 -8
1611 2
1612 14
1613 6
1614 2
1615 -18
1616 -8
1617 -8
1618 6
1619 -20
1620 -14
1621 -30
1622 -26
1623 -20
1624 -20
1625 -38
1626 -38
1627 -44
1628 -32
1629 -20
1630 -2
1631 -10
1632 -6
1633 -10
1634 -18
1635 -10
1636 -22
1637 -28
1638 -28
1639 0
1640 -20
1641 -26
1642 -30
1643 -40
1644 -44
1645 -38
1646 -36
1647 -28
1648 -30
1649 -22
1650 -14
1651 -4
1652 -12
1653 -12
1654 -8
1655 2
1656 -2
1657 -24
1658 -14
1659 2
1660 4
1661 0
1662 4
1663 8
1664 -6
1665 -10
1666 -12
1667 6
1668 -6
1669 2
1670 10
1671 2
1672 0
1673 -26
1674 -32
1675 -24
1676 6
1677 4
1678 2
1679 16
1680 26
1681 34
1682 24
1683 46
1684 32
1685 14
1686 10
1687 16
1688 24
1689 18
1690 18
1691 -10
1692 -8
1693 -16
1694 0
1695 8
1696 24
1697 20
1698 12
1699 10
1700 -12
1701 -2
1702 0
1703 -8
1704 -24
1705 -22
1706 -16
1707 -18
1708 -26
1709 -22
1710 -8
1711 -22
1712 -10
1713 -10
1714 -18
1715 -12
1716 -8
1717 -6
1718 -10
1719 10
1720 28
1721 18
1722 32
1723 24
1724 20
1725 -14
1726 -8
1727 -8
1728 -10
1729 4
1730 10
1731 16
1732 -6
1733 -6
1734 14
1735 14
1736 2
1737 12
1738 14
1739 34
1740 0
1741 12
1742 22
1743 14
1744 0
1745 6
1746 12
1747 4
1748 0
1749 0
1750 10
1751 20
1752 16
1753 10
1754 12
1755 20
1756 38
1757 36
1758 30
1759 10
1760 10
1761 18
1762 32
1763 14
1764 20
1765 28
1766 38
1767 38
1768 34
1769 18
1770 10
1771 10
1772 16
1773 0
1774 2
1775 -4
1776 2
1777 14
1778 26
1779 28
1780 26
1781 28
1782 10
1783 2
1784 12
1785 0
1786 -4
1787 -2
1788 -6
1789 4
1790 -12
1791 -6
1792 4
1793 -4
1794 0
1795 10
1796 2
1797 16
1798 10
1799 4
1800 -2
1801 6
1802 -2
1803 -6
1804 -8
1805 0
1806 -4
1807 28
1808 22
1809 10
1810 24
1811 14
1812 14
1813 24
1814 48
1815 22
1816 32
1817 -2
1818 0
1819 12
1820 14
1821 18
1822 0
1823 0
1824 4
1825 -14
1826 -18
1827 -8
1828 -2
1829 4
1830 -10
1831 -4
1832 -12
1833 -16
1834 -30
1835 -10
1836 -12
1837 -10
1838 -16
1839 -28
1840 -60
1841 -58
1842 -58
1843 -64
1844 -52
1845 -54
1846 -50
1847 -54
1848 -46
1849 -48
1850 -52
1851 -40
1852 -28
1853 -34
1854 -22
1855 -28
1856 -30
1857 -34
1858 -22
1859 -28
1860 -30
1861 -26
1862 -14
1863 2
1864 -2
1865 8
1866 14
1867 14
1868 2
1869 6
1870 4
1871 10
1872 -14
1873 -10
1874 -36
1875 -54
1876 -40
1877 -32
1878 -28
1879 -18
1880 -16
1881 -14
1882 -14
1883 -26
1884 -14
1885 -30
1886 -6
1887 -8
1888 -24
1889 -36
1890 -28
1891 -26
1892 -26
1893 -16
1894 -12
1895 -4
1896 -12
1897 -10
1898 -22
1899 -24
1900 -22
1901 -12
1902 10
1903 0
1904 8
1905 10
1906 10
1907 -6
1908 -18
1909 -24
1910 -26
1911 -44
1912 -30
1913 -46
1914 -44
1915 -38
1916 -48
1917 -38
1918 -32
1919 -42
1920 -26
1921 -22
1922 -16
1923 -4
1924 2
1925 14
1926 0
1927 4
1928 4
1929 14
1930 -18
1931 -6
1932 -14
1933 -22
1934 -16
1935 12
1936 10
1937 14
1938 -8
1939 4
1940 -6
1941 0
1942 0
1943 0
1944 2
1945 6
1946 -2
1947 2
1948 0
1949 -4
1950 -12
1951 2
1952 -10
1953 0
1954 2
1955 18
1956 30
1957 32
1958 20
1959 34
1960 40
1961 44
1962 32
1963 28
1964 26
1965 36
1966 38
1967 26
1968 22
1969 24
1970 32
1971 24
1972 8
1973 6
1974 10
1975 12
1976 14
1977 -16
1978 4
1979 0
1980 8
1981 -8
1982 -6
1983 -16
1984 -40
1985 -52
1986 -50
1987 -38
1988 -32
1989 -32
1990 -32
1991 -28
1992 -10
1993 -20
1994 -16
1995 -8
1996 -26
1997 -28
1998 -32
1999 -34
2000 -28
2001 -48
2002 -54
2003 -52
2004 -42
2005 -54
2006 -52
2007 -46
2008 -36
2009 -38
2010 -28
2011 -6
2012 -14
2013 -4
2014 8
2015 -12
2016 -20
2017 -20
2018 -20
2019 -14
2020 -6
2021 -20
2022 -10
2023 -4
2024 -6
2025 -4
2026 4
2027 14
2028 0
2029 0
2030 12
2031 10
2032 22
2033 38
2034 34
2035 50
2036 48
2037 54
2038 54
2039 44
2040 60
2041 48
2042 46
2043 64
2044 68
2045 66
2046 76
2047 74
2048 82
2049 54
2050 54
2051 30
2052 40
2053 16
2054 18
2055 18
2056 16
2057 26
2058 12
2059 14
2060 16
2061 12
2062 -8
2063 8
2064 20
2065 2
2066 4
2067 4
2068 16
2069 30
2070 20
2071 14
2072 6
2073 2
2074 -20
2075 -18
2076 -10
2077 -6
2078 -20
2079 -18
2080 -10
2081 -24
2082 -26
2083 -24
2084 -32
2085 -46
2086 -38
2087 -32
2088 -30
2089 -18
2090 -16
2091 -16
2092 -12
2093 2
2094 -8
2095 16
2096 0
2097 0
2098 12
2099 26
2100 10
2101 22
2102 4
2103 8
2104 10
2105 6
2106 2
2107 14
2108 -4
2109 -4
2110 6
2111 -8
2112 -12
2113 -22
2114 -10
2115 6
2116 18
2117 8
2118 32
2119 34
2120 46
2121 40
2122 16
2123 10
2124 26
2125 34
2126 24
2127 20
2128 38
2129 48
2130 40
2131 48
2132 46
2133 60
2134 38
2135 54
2136 66
2137 58
2138 44
2139 60
2140 48
2141 28
2142 12
2143 2
2144 -12
2145 -10
2146 4
2147 2
2148 -4
2149 4
2150 10
2151 12
2152 10
2153 -6
2154 -2
2155 -2
2156 -8
2157 6
2158 0
2159 0
2160 -20
2161 -30
2162 -24
2163 -28
2164 -36
2165 -48
2166 -50
2167 -66
2168 -70
2169 -68
2170 -66
2171 -66
2172 -56
2173 -44
2174 -46
2175 -56
2176 -64
2177 -90
2178 -78
2179 -82
2180 -78
2181 -86
2182 -76
2183 -68
2184 -54
2185 -52
2186 -34
2187 -18
2188 -26
2189 -8
2190 -14
2191 0
2192 -10
2193 -8
2194 -8
2195 -30
2196 -38
2197 -40
2198 -34
2199 -32
2200 -40
2201 -36
2202 -48
2203 -56
2204 -52
2205 -32
2206 -14
2207 -2
2208 -6
2209 -22
2210 4
2211 16
2212 4
2213 -6
2214 -14
2215 -6
2216 -4
2217 -14
2218 -22
2219 -24
2220 -18
2221 -30
2222 -6
2223 -12
2224 -6
2225 -10
2226 -6
2227 6
2228 2
2229 4
2230 8
2231 -4
2232 4
2233 8
2234 -8
2235 -22
2236 -16
2237 -20
2238 6
2239 8
2240 -18
2241 -16
2242 -34
2243 -20
2244 -18
2245 -38
2246 -38
2247 -40
2248 -14
2249 -16
2250 -8
2251 -4
2252 14
2253 12
2254 32
2255 42
2256 18
2257 8
2258 18
2259 16
2260 22
2261 18
2262 22
2263 20
2264 32
2265 30
2266 40
2267 22
2268 12
2269 4
2270 4
2271 -2
2272 -16
2273 -26
2274 -34
2275 -38
2276 -30
2277 -16
2278 -22
2279 -20
2280 -4
2281 12
2282 20
2283 20
2284 24
2285 40
2286 46
2287 40
2288 42
2289 64
2290 60
2291 66
2292 66
2293 64
2294 66
2295 70
2296 58
2297 62
2298 56
2299 58
2300 42
2301 32
2302 22
2303 26
2304 42
2305 44
2306 26
2307 22
2308 18
2309 4
2310 6
2311 2
2312 -12
2313 -6
2314 4
2315 -16
2316 0
2317 8
2318 20
2319 10
2320 18
2321 58
2322 68
2323 62
2324 48
2325 30
2326 44
2327 52
2328 48
2329 50
2330 42
2331 36
2332 12
2333 -10
2334 16
2335 24
2336 28
2337 28
2338 24
2339 20
2340 6
2341 12
2342 24
2343 30
2344 58
2345 72
2346 92
2347 74
2348 82
2349 76
2350 68
2351 52
2352 50
2353 40
2354 38
2355 38
2356 52
2357 44
2358 38
2359 44
2360 32
2361 8
2362 -8
2363 10
2364 10
2365 6
2366 0
2367 -8
2368 -8
2369 -8
2370 -2
2371 8
2372 8
2373 14
2374 18
2375 26
2376 10
2377 6
2378 -2
2379 6
2380 10
2381 16
2382 20
2383 26
2384 32
2385 40
2386 38
2387 26
2388 20
2389 8
2390 16
2391 24
2392 16
2393 12
2394 8
2395 -2
2396 -24
2397 -4
2398 -12
2399 0
2400 6
2401 6
2402 26
2403 32
2404 30
2405 40
2406 44
2407 38
2408 42
2409 32
2410 18
2411 14
2412 -12
2413 -10
2414 -16
2415 -8
2416 -6
2417 -12
2418 -32
2419 -34
2420 -16
2421 2
2422 -24
2423 -18
2424 -14
2425 -10
2426 -2
2427 -8
2428 -10
2429 -2
2430 -4
2431 0
2432 22
2433 10
2434 -14
2435 8
2436 6
2437 10
2438 -4
2439 0
2440 -10
2441 -4
2442 10
2443 2
2444 -10
2445 -18
2446 -32
2447 -26
2448 -38
2449 -32
2450 -24
2451 -18
2452 -10
2453 -20
2454 -24
2455 -38
2456 -44
2457 -32
2458 -22
2459 -18
2460 -26
2461 -26
2462 -20
2463 -38
2464 -38
2465 -46
2466 -32
2467 -32
2468 -44
2469 -30
2470 -10
2471 -22
2472 -18
2473 -32
2474 -42
2475 -44
2476 -24
2477 -20
2478 -4
2479 -4
2480 0
2481 4
2482 6
2483 10
2484 16
2485 16
2486 2
2487 8
2488 8
2489 10
2490 20
2491 6
2492 -12
2493 -16
2494 -28
2495 -34
2496 -36
2497 -18
2498 -22
2499 -20
2500 -36
2501 -38
2502 -38
2503 -18
2504 -6
2505 -30
2506 -24
2507 -26
2508 -24
2509 -12
2510 -8
2511 -8
2512 4
2513 10
2514 22
2515 10
2516 12
2517 0
2518 8
2519 -8
2520 -22
2521 -22
2522 -20
2523 -6
2524 -18
2525 -22
2526 -12
2527 -16
2528 -24
2529 -4
2530 8
2531 8
2532 4
2533 -4
2534 -4
2535 -6
2536 -6
2537 -6
2538 14
2539 16
2540 -6
2541 2
2542 16
2543 -8
2544 -10
2545 -24
2546 -8
2547 -34
2548 -48
2549 -44
2550 -52
2551 -44
2552 -24
2553 -32
2554 -16
2555 -22
2556 -22
2557 -18
2558 -24
2559 -26
2560 -18
2561 -10
2562 -6
2563 -8
2564 0
2565 16
2566 24
2567 16
2568 4
2569 -2
2570 -4
2571 -16
2572 -2
2573 -2
2574 -6
2575 -6
2576 -12
2577 4
2578 -8
2579 4
2580 -2
2581 14
2582 10
2583 10
2584 12
2585 4
2586 4
2587 4
2588 4
2589 4
2590 -4
2591 4
2592 -6
2593 -18
2594 -14
2595 2
2596 -16
2597 -34
2598 -28
2599 -34
2600 -24
2601 -16
2602 -4
2603 0
2604 8
2605 22
2606 16
2607 0
2608 -4
2609 6
2610 -8
2611 0
2612 12
2613 -4
2614 -6
2615 22
2616 20
2617 14
2618 4
2619 34
2620 36
2621 40
2622 30
2623 32
2624 24
2625 24
2626 12
2627 4
2628 8
2629 10
2630 -2
2631 -8
2632 -16
2633 -14
2634 -42
2635 -32
2636 -18
2637 -20
2638 -18
2639 -4
2640 -20
2641 -14
2642 8
2643 -2
2644 -4
2645 6
2646 -12
2647 -10
2648 -4
2649 -16
2650 -18
2651 -34
2652 -50
2653 -24
2654 -28
2655 -30
2656 -22
2657 -10
2658 6
2659 22
2660 8
2661 2
2662 -4
2663 4
2664 -2
2665 -2
2666 0
2667 -14
2668 0
2669 -8
2670 -4
2671 -6
2672 -14
2673 -18
2674 -22
2675 -20
2676 -14
2677 -6
2678 -8
2679 -10
2680 12
2681 24
2682 32
2683 34
2684 18
2685 22
2686 28
2687 14
2688 -2
2689 6
2690 -14
2691 -22
2692 -4
2693 -16
2694 -22
2695 2
2696 -14
2697 -22
2698 -40
2699 -48
2700 -48
2701 -52
2702 -52
2703 -40
2704 -38
2705 -46
2706 -64
2707 -72
2708 -82
2709 -62
2710 -54
2711 -54
2712 -56
2713 -66
2714 -54
2715 -50
2716 -54
2717 -54
2718 -58
2719 -64
2720 -56
2721 -42
2722 -42
2723 -48
2724 -40
2725 -14
2726 -32
2727 -30
2728 -18
2729 8
2730 2
2731 16
2732 18
2733 18
2734 16
2735 30
2736 24
2737 20
2738 38
2739 50
2740 38
2741 50
2742 44
2743 48
2744 52
2745 52
2746 68
2747 72
2748 68
2749 72
2750 80
2751 64
2752 50
2753 62
2754 46
2755 46
2756 40
2757 52
2758 48
2759 70
2760 70
2761 82
2762 62
2763 46
2764 48
2765 60
2766 62
2767 54
2768 42
2769 40
2770 44
2771 38
2772 32
2773 28
2774 36
2775 30
2776 24
2777 28
2778 22
2779 20
2780 24
2781 30
2782 30
2783 46
2784 66
2785 64
2786 58
2787 68
2788 52
2789 70
2790 54
2791 50
2792 48
2793 30
2794 18
2795 14
2796 12
2797 6
2798 4
2799 -14
2800 -22
2801 -20
2802 -22
2803 -22
2804 -30
2805 -24
2806 -28
2807 -32
2808 -28
2809 -22
2810 -18
2811 -18
2812 -22
2813 -8
2814 -16
2815 -18
2816 -4
2817 4
2818 -4
2819 6
2820 10
2821 12
2822 12
2823 16
2824 8
2825 8
2826 12
2827 -4
2828 -10
2829 6
2830 20
2831 12
2832 2
2833 -8
2834 0
2835 2
2836 -10
2837 -18
2838 -26
2839 -18
2840 -14
2841 -22
2842 -32
2843 -22
2844 -8
2845 -12
2846 6
2847 -2
2848 14
2849 16
2850 8
2851 -6
2852 18
2853 -4
2854 0
2855 4
2856 2
2857 12
2858 8
2859 10
2860 24
2861 18
2862 18
2863 24
2864 10
2865 20
2866 16
2867 6
2868 -4
2869 -4
2870 -12
2871 -8
2872 14
2873 24
2874 10
2875 24
2876 28
2877 20
2878 16
2879 8
2880 6
2881 8
2882 8
2883 12
2884 32
2885 16
2886 10
2887 10
2888 6
2889 6
2890 14
2891 18
2892 24
2893 20
2894 12
2895 18
2896 6
2897 6
2898 12
2899 6
2900 10
2901 18
2902 32
2903 12
2904 -2
2905 -14
2906 -20
2907 -24
2908 -36
2909 -30
2910 -30
2911 -30
2912 -28
2913 -16
2914 0
2915 -8
2916 -12
2917 -12
2918 -18
2919 4
2920 -10
2921 -14
2922 -16
2923 -16
2924 -24
2925 -20
2926 10
2927 10
2928 0
2929 2
2930 0
2931 8
2932 4
2933 -2
2934 4
2935 4
2936 -18
2937 -20
2938 -6
2939 18
2940 18
2941 16
2942 22
2943 22
2944 36
2945 32
2946 24
2947 36
2948 36
2949 44
2950 32
2951 36
2952 54
2953 38
2954 26
2955 22
2956 26
2957 34
2958 30
2959 18
2960 18
2961 16
2962 14
2963 2
2964 6
2965 -8
2966 -16
2967 -2
2968 0
2969 6
2970 10
2971 8
2972 28
2973 28
2974 32
2975 34
2976 40
2977 22
2978 32
2979 32
2980 28
2981 10
2982 -6
2983 -12
2984 -12
2985 -6
2986 -18
2987 -18
2988 -26
2989 -32
2990 -22
2991 4
2992 -18
2993 -20
2994 -20
2995 -24
2996 -26
2997 -30
2998 -46
2999 -30
3000 -38
3001 -32
3002 -46
3003 -36
3004 -24
3005 -16
3006 -8
3007 0
3008 -8
3009 -10
3010 0
3011 6
3012 0
3013 -8
3014 18
3015 30
3016 18
3017 10
3018 16
3019 -6
3020 -20
3021 -4
3022 -20
3023 -18
3024 -10
3025 -12
3026 -12
3027 -22
3028 -30
3029 -36
3030 -24
3031 -22
3032 -18
3033 -12
3034 -40
3035 -36
3036 -26
3037 -26
3038 -38
3039 -26
3040 -20
3041 -8
3042 -18
3043 -22
3044 -26
3045 -34
3046 -38
3047 -12
3048 -22
3049 -14
3050 -6
3051 18
3052 24
3053 12
3054 20
3055 26
3056 30
3057 20
3058 34
3059 28
3060 48
3061 46
3062 28
3063 26
3064 18
3065 22
3066 14
3067 12
3068 -4
3069 -10
3070 -6
3071 -2
3072 -4
3073 -10
3074 -20
3075 -24
3076 -26
3077 -30
3078 -40
3079 -32
3080 -20
3081 -6
3082 -4
3083 -8
3084 -10
3085 -10
3086 -32
3087 -36
3088 -34
3089 -8
3090 -10
3091 -24
3092 -36
3093 -20
3094 -18
3095 -14
3096 -14
3097 -2
3098 16
3099 -2
3100 12
3101 -10
3102 -14
3103 -4
3104 8
3105 -4
3106 18
3107 0
3108 8
3109 4
3110 8
3111 2
3112 0
3113 16
3114 22
3115 30
3116 40
3117 24
3118 26
3119 28
3120 18
3121 38
3122 52
3123 74
3124 68
3125 66
3126 62
3127 60
3128 62
3129 64
3130 66
3131 58
3132 60
3133 62
3134 74
3135 70
3136 76
3137 68
3138 62
3139 46
3140 50
3141 42
3142 46
3143 50
3144 58
3145 52
3146 52
3147 40
3148 28
3149 28
3150 44
3151 36
3152 32
3153 32
3154 36
3155 18
3156 32
3157 32
3158 12
3159 12
3160 2
3161 -4
3162 8
3163 10
3164 10
3165 8
3166 0
3167 12
3168 8
3169 -2
3170 0
3171 10
3172 18
3173 14
3174 26
3175 8
3176 14
3177 18
3178 32
3179 38
3180 32
3181 32
3182 28
3183 10
3184 6
3185 10
3186 10
3187 10
3188 8
3189 14
3190 28
3191 36
3192 22
3193 16
3194 0
3195 16
3196 10
3197 8
3198 12
3199 0
3200 -16
3201 -24
3202 -20
3203 0
3204 12
3205 10
3206 16
3207 10
3208 4
3209 -4
3210 -12
3211 0
3212 14
3213 10
3214 20
3215 6
3216 14
3217 0
3218 -2
3219 0
3220 -24
3221 -14
3222 -24
3223 -44
3224 -56
3225 -38
3226 -28
3227 -34
3228 -56
3229 -58
3230 -76
3231 -76
3232 -66
3233 -42
3234 -56
3235 -28
3236 -30
3237 -22
3238 -32
3239 -46
3240 -42
3241 -44
3242 -48
3243 -42
3244 -70
3245 -92
3246 -68
3247 -64
3248 -76
3249 -84
3250 -86
3251 -80
3252 -90
3253 -76
3254 -84
3255 -56
3256 -52
3257 -44
3258 -42
3259 -34
3260 -30
3261 4
3262 6
3263 -20
3264 -42
3265 -30
3266 -36
3267 -38
3268 -34
3269 -32
3270 -28
3271 -10
3272 -20
3273 -14
3274 -14
3275 -8
3276 -8
3277 -14
3278 -2
3279 -6
3280 -6
3281 -8
3282 8
3283 10
3284 16
3285 18
3286 24
3287 16
3288 6
3289 2
3290 18
3291 22
3292 22
3293 12
3294 6
3295 10
3296 2
3297 6
3298 4
3299 4
3300 10
3301 8
3302 -6
3303 -6
3304 -12
3305 4
3306 -2
3307 -12
3308 -10
3309 2
3310 4
3311 -6
3312 -8
3313 4
3314 -2
3315 10
3316 10
3317 8
3318 6
3319 14
3320 16
3321 8
3322 2
3323 -6
3324 -14
3325 0
3326 -6
3327 -10
3328 -10
3329 -14
3330 -8
3331 -8
3332 -10
3333 0
3334 12
3335 28
3336 22
3337 10
3338 20
3339 12
3340 12
3341 14
3342 14
3343 -4
3344 -10
3345 -2
3346 -10
3347 -6
3348 4
3349 10
3350 24
3351 32
3352 32
3353 38
3354 26
3355 62
3356 70
3357 62
3358 64
3359 56
3360 48
3361 42
3362 48
3363 48
3364 36
3365 20
3366 22
3367 12
3368 24
3369 18
3370 16
3371 16
3372 24
3373 12
3374 2
3375 0
3376 -8
3377 -16
3378 -8
3379 8
3380 16
3381 20
3382 28
3383 20
3384 20
3385 16
3386 10
3387 12
3388 2
3389 -2
3390 16
3391 6
3392 4
3393 20
3394 8
3395 4
3396 10
3397 10
3398 14
3399 22
3400 24
3401 34
3402 40
3403 32
3404 30
3405 26
3406 46
3407 30
3408 32
3409 30
3410 16
3411 12
3412 8
3413 6
3414 -6
3415 -2
3416 16
3417 6
3418 -6
3419 -14
3420 -18
3421 -12
3422 -26
3423 -24
3424 -28
3425 -20
3426 -18
3427 -28
3428 -22
3429 -34
3430 -48
3431 -46
3432 -32
3433 -52
3434 -60
3435 -58
3436 -56
3437 -46
3438 -62
3439 -72
3440 -78
3441 -58
3442 -78
3443 -76
3444 -64
3445 -66
3446 -70
3447 -70
3448 -56
3449 -30
3450 -36
3451 -40
3452 -40
3453 -46
3454 -50
3455 -54
3456 -58
3457 -62
3458 -48
3459 -48
3460 -60
3461 -54
3462 -42
3463 -42
3464 -48
3465 -20
3466 -24
3467 -32
3468 -44
3469 -36
3470 -40
3471 -42
3472 -34
3473 -40
3474 -28
3475 -34
3476 -22
3477 -24
3478 -26
3479 -40
3480 -52
3481 -66
3482 -74
3483 -82
3484 -80
3485 -78
3486 -84
3487 -70
3488 -72
3489 -58
3490 -62
3491 -44
3492 -40
3493 -44
3494 -26
3495 -22
3496 -24
3497 -30
3498 -18
3499 -14
3500 -20
3501 -18
3502 -4
3503 12
3504 18
3505 12
3506 10
3507 -22
3508 -14
3509 -10
3510 -6
3511 -14
3512 12
3513 14
3514 24
3515 16
3516 10
3517 6
3518 20
3519 16
3520 40
3521 32
3522 22
3523 24
3524 24
3525 -2
3526 -12
3527 -26
3528 -16
3529 -12
3530 -10
3531 -20
3532 -12
3533 -30
3534 -24
3535 -48
3536 -48
3537 -28
3538 -16
3539 -24
3540 -30
3541 -40
3542 -24
3543 -26
3544 -24
3545 -16
3546 2
3547 4
3548 10
3549 14
3550 16
3551 14
3552 6
3553 4
3554 -4
3555 -2
3556 8
3557 6
3558 6
3559 10
3560 18
3561 12
3562 8
3563 14
3564 6
3565 -6
3566 -6
3567 -22
3568 -22
3569 -22
3570 -18
3571 -16
3572 -18
3573 -12
3574 -12
3575 -24
3576 -34
3577 -50
3578 -34
3579 -34
3580 -30
3581 -20
3582 -8
3583 -12
3584 -4
3585 -14
3586 -6
3587 0
3588 22
3589 18
3590 20
3591 6
3592 -2
3593 14
3594 22
3595 14
3596 18
3597 14
3598 -2
3599 -18
3600 -18
3601 -26
3602 -24
3603 -24
3604 -6
3605 -30
3606 -34
3607 -28
3608 -50
3609 -34
3610 -22
3611 -22
3612 -22
3613 -14
3614 -16
3615 -22
3616 -18
3617 -18
3618 -36
3619 -48
3620 -42
3621 -34
3622 -40
3623 -22
3624 -32
3625 -10
3626 -10
3627 -20
3628 -16
3629 -34
3630 -32
3631 -12
3632 -6
3633 -20
3634 -2
3635 6
3636 0
3637 10
3638 12
3639 22
3640 14
3641 12
3642 4
3643 0
3644 16
3645 26
3646 12
3647 20
3648 32
3649 12
3650 18
3651 42
3652 30
3653 26
3654 16
3655 2
3656 22
3657 28
3658 54
3659 54
3660 46
3661 64
3662 70
3663 64
3664 58
3665 78
3666 66
3667 38
3668 42
3669 60
3670 32
3671 50
3672 56
3673 56
3674 46
3675 36
3676 48
3677 48
3678 56
3679 64
3680 76
3681 62
3682 44
3683 42
3684 34
3685 26
3686 30
3687 30
3688 28
3689 20
3690 10
3691 -6
3692 -18
3693 -46
3694 -26
3695 -4
3696 -20
3697 -14
3698 2
3699 22
3700 10
3701 12
3702 2
3703 8
3704 6
3705 0
3706 8
3707 -8
3708 -4
3709 -18
3710 -2
3711 8
3712 4
3713 6
3714 6
3715 -12
3716 -16
3717 -26
3718 -30
3719 -24
3720 -12
3721 -30
3722 -30
3723 -16
3724 -34
3725 -16
3726 -22
3727 -24
3728 -8
3729 -18
3730 -12
3731 -16
3732 -10
3733 -18
3734 -28
3735 -38
3736 -42
3737 -34
3738 -22
3739 -28
3740 -12
3741 6
3742 0
3743 12
3744 22
3745 22
3746 34
3747 28
3748 28
3749 42
3750 26
3751 26
3752 14
3753 4
3754 14
3755 22
3756 18
3757 26
3758 10
3759 2
3760 0
3761 -4
3762 -18
3763 -12
3764 -16
3765 -14
3766 -34
3767 -18
3768 2
3769 8
3770 8
3771 8
3772 2
3773 0
3774 14
3775 14
3776 16
3777 0
3778 -12
3779 -16
3780 -8
3781 -22
3782 -16
3783 -26
3784 -24
3785 -22
3786 -24
3787 -28
3788 -36
3789 -18
3790 -26
3791 -30
3792 -24
3793 -24
3794 -32
3795 -60
3796 -42
3797 -38
3798 -28
3799 -16
3800 -6
3801 -20
3802 -20
3803 -20
3804 -18
3805 -18
3806 -24
3807 -18
3808 -16
3809 -4
3810 -12
3811 -34
3812 -44
3813 -64
3814 -78
3815 -70
3816 -72
3817 -70
3818 -62
3819 -70
3820 -48
3821 -38
3822 -42
3823 -54
3824 -48
3825 -62
3826 -64
3827 -56
3828 -48
3829 -30
3830 -10
3831 -8
3832 -26
3833 -30
3834 -18
3835 -14
3836 -20
3837 -20
3838 -28
3839 -16
3840 -20
3841 -22
3842 -18
3843 -16
3844 -20
3845 -26
3846 -6
3847 -14
3848 -28
3849 -42
3850 -22
3851 -8
3852 -16
3853 -22
3854 -38
3855 -28
3856 -26
3857 -22
3858 -22
3859 -36
3860 -24
3861 -14
3862 -22
3863 -28
3864 -24
3865 -24
3866 -14
3867 -6
3868 -6
3869 0
3870 20
3871 6
3872 16
3873 18
3874 32
3875 52
3876 32
3877 38
3878 44
3879 38
3880 46
3881 42
3882 52
3883 54
3884 50
3885 50
3886 50
3887 38
3888 56
3889 34
3890 34
3891 34
3892 30
3893 18
3894 10
3895 0
3896 -10
3897 -30
3898 -42
3899 -40
3900 -34
3901 -30
3902 -18
3903 -16
3904 8
3905 14
3906 18
3907 24
3908 30
3909 30
3910 32
3911 32
3912 38
3913 36
3914 24
3915 28
3916 44
3917 28
3918 28
3919 32
3920 22
3921 26
3922 20
3923 26
3924 34
3925 30
3926 40
3927 42
3928 44
3929 46
3930 40
3931 40
3932 20
3933 16
3934 -6
3935 -12
3936 -28
3937 -40
3938 -16
3939 -10
3940 -6
3941 -16
3942 -28
3943 -14
3944 -20
3945 -22
3946 -22
3947 -22
3948 -12
3949 -20
3950 -24
3951 -18
3952 -12
3953 -14
3954 -20
3955 -30
3956 -30
3957 -26
3958 -28
3959 -28
3960 -20
3961 -16
3962 -20
3963 -10
3964 -10
3965 2
3966 4
3967 12
3968 16
3969 40
3970 28
3971 20
3972 6
3973 2
3974 -2
3975 14
3976 30
3977 24
3978 18
3979 20
3980 36
3981 32
3982 14
3983 28
3984 12
3985 14
3986 -4
3987 -20
3988 -38
3989 -18
3990 -26
3991 -28
3992 -28
3993 -44
3994 -40
3995 -16
3996 -16
3997 -12
3998 -12
3999 16
4000 26
4001 30
4002 34
4003 32
4004 20
4005 8
4006 -6
4007 4
4008 14
4009 10
4010 16
4011 22
4012 -4
4013 -20
4014 -12
4015 10
4016 2
4017 4
4018 6
4019 4
4020 4
4021 12
4022 18
4023 42
4024 38
4025 36
4026 32
4027 16
4028 16
4029 22
4030 12
4031 22
4032 10
4033 18
4034 28
4035 28
4036 12
4037 10
4038 -8
4039 8
4040 14
4041 8
4042 14
4043 10
4044 26
4045 50
4046 38
4047 40
4048 32
4049 28
4050 24
4051 16
4052 8
4053 18
4054 30
4055 40
4056 28
4057 22
4058 -4
4059 -12
4060 -18
4061 -12
4062 -28
4063 -32
4064 -16
4065 -28
4066 -8
4067 2
4068 -6
4069 -14
4070 0
4071 22
4072 24
4073 24
4074 30
4075 34
4076 32
4077 22
4078 28
4079 30
4080 26
4081 28
4082 16
4083 10
4084 12
4085 0
4086 -2
4087 2
4088 2
4089 -6
4090 -14
4091 -6
4092 2
4093 4
4094 16
4095 16
4096 20
4097 16
4098 16
4099 4
4100 12
4101 16
4102 30
4103 30
4104 14
4105 2
4106 -4
4107 -20
4108 -24
4109 -26
4110 -4
4111 4
4112 20
4113 6
4114 10
4115 8
4116 0
4117 -2
4118 -4
4119 0
4120 -20
4121 -28
4122 -34
4123 -32
4124 -40
4125 -38
4126 -48
4127 -26
4128 -16
4129 -8
4130 -10
4131 -2
4132 0
4133 -2
4134 -6
4135 -2
4136 -10
4137 -18
4138 0
4139 -16
4140 0
4141 -8
4142 6
4143 -6
4144 -16
4145 -28
4146 -16
4147 -18
4148 -20
4149 -16
4150 -24
4151 -24
4152 -26
4153 -24
4154 -32
4155 -38
4156 -28
4157 -28
4158 -30
4159 -10
4160 -14
4161 -10
4162 4
4163 -2
4164 4
4165 12
4166 28
4167 26
4168 30
4169 38
4170 30
4171 26
4172 14
4173 6
4174 6
4175 16
4176 20
4177 12
4178 28
4179 28
4180 46
4181 48
4182 56
4183 36
4184 42
4185 70
4186 72
4187 62
4188 56
4189 46
4190 34
4191 30
4192 38
4193 30
4194 14
4195 0
4196 -10
4197 -14
4198 0
4199 6
4200 0
4201 0
4202 0
4203 8
4204 12
4205 8
4206 4
4207 -2
4208 -6
4209 -20
4210 -8
4211 0
4212 20
4213 6
4214 -4
4215 -16
4216 -18
4217 -22
4218 -10
4219 0
4220 10
4221 22
4222 16
4223 22
4224 22
4225 -8
4226 4
4227 -2
4228 -2
4229 -14
4230 0
4231 10
4232 20
4233 14
4234 24
4235 12
4236 4
4237 18
4238 8
4239 -16
4240 -6
4241 -18
4242 -12
4243 -20
4244 -34
4245 -22
4246 -12
4247 -12
4248 -10
4249 -26
4250 -34
4251 -36
4252 -16
4253 -8
4254 -16
4255 -18
4256 -26
4257 -18
4258 8
4259 18
4260 28
4261 30
4262 32
4263 24
4264 24
4265 28
4266 44
4267 50
4268 60
4269 52
4270 56
4271 58
4272 42
4273 42
4274 26
4275 26
4276 32
4277 20
4278 8
4279 14
4280 14
4281 30
4282 36
4283 38
4284 44
4285 48
4286 42
4287 40
4288 36
4289 36
4290 14
4291 2
4292 6
4293 8
4294 18
4295 18
4296 4
4297 16
4298 12
4299 6
4300 10
4301 4
4302 6
4303 -6
4304 8
4305 24
4306 26
4307 10
4308 8
4309 2
4310 -6
4311 -2
4312 -10
4313 -4
4314 8
4315 8
4316 -8
4317 -16
4318 -28
4319 -4
4320 -4
4321 2
4322 12
4323 2
4324 6
4325 14
4326 18
4327 18
4328 -4
4329 -4
4330 -10
4331 0
4332 10
4333 6
4334 -12
4335 -28
4336 -34
4337 -36
4338 -24
4339 -2
4340 -18
4341 -36
4342 -52
4343 -68
4344 -54
4345 -44
4346 -42
4347 -48
4348 -60
4349 -42
4350 -28
4351 -40
4352 -38
4353 -36
4354 -36
4355 -22
4356 -14
4357 -8
4358 -16
4359 -2
4360 10
4361 18
4362 14
4363 6
4364 10
4365 28
4366 18
4367 -10
4368 -10
4369 -8
4370 14
4371 12
4372 28
4373 20
4374 30
4375 14
4376 20
4377 10
4378 -12
4379 -34
4380 -24
4381 -36
4382 -38
4383 -36
4384 -54
4385 -32
4386 -34
4387 -36
4388 -32
4389 -6
4390 -16
4391 -44
4392 -34
4393 -36
4394 -48
4395 -60
4396 -62
4397 -52
4398 -52
4399 -42
4400 -26
4401 -28
4402 -32
4403 -32
4404 -42
4405 -44
4406 -28
4407 -10
4408 -12
4409 -18
4410 -16
4411 -2
4412 16
4413 6
4414 -8
4415 -10
4416 2
4417 16
4418 20
4419 14
4420 16
4421 0
4422 4
4423 30
4424 32
4425 34
4426 34
4427 42
4428 38
4429 42
4430 50
4431 76
4432 72
4433 78
4434 62
4435 62
4436 54
4437 62
4438 64
4439 60
4440 46
4441 36
4442 36
4443 44
4444 50
4445 52
4446 58
4447 70
4448 80
4449 76
4450 64
4451 42
4452 42
4453 40
4454 20
4455 12
4456 -14
4457 -22
4458 -30
4459 -32
4460 -44
4461 -34
4462 -20
4463 -24
4464 -18
4465 -30
4466 -34
4467 -14
4468 -24
4469 -6
4470 2
4471 -8
4472 -12
4473 -26
4474 -36
4475 -38
4476 -50
4477 -32
4478 -32
4479 -18
4480 -28
4481 -42
4482 -42
4483 -48
4484 -44
4485 -46
4486 -42
4487 -36
4488 -38
4489 -38
4490 -36
4491 -46
4492 -46
4493 -34
4494 -34
4495 -34
4496 -46
4497 -34
4498 -36
4499 -50
4500 -50
4501 -36
4502 -42
4503 -34
4504 -32
4505 -36
4506 -56
4507 -62
4508 -56
4509 -64
4510 -72
4511 -52
4512 -30
4513 -20
4514 -18
4515 -4
4516 14
4517 16
4518 18
4519 10
4520 16
4521 24
4522 32
4523 26
4524 46
4525 46
4526 66
4527 66
4528 50
4529 24
4530 12
4531 20
4532 8
4533 20
4534 2
4535 6
4536 2
4537 14
4538 30
4539 12
4540 20
4541 16
4542 38
4543 22
4544 18
4545 -2
4546 14
4547 14
4548 8
4549 0
4550 28
4551 4
4552 8
4553 16
4554 26
4555 26
4556 4
4557 12
4558 6
4559 14
4560 20
4561 32
4562 42
4563 48
4564 32
4565 10
4566 6
4567 2
4568 -24
4569 -18
4570 -26
4571 -22
4572 -12
4573 12
4574 -8
4575 4
4576 2
4577 6
4578 4
4579 8
4580 -8
4581 -8
4582 -4
4583 14
4584 12
4585 2
4586 10
4587 30
4588 32
4589 40
4590 30
4591 22
4592 30
4593 18
4594 16
4595 26
4596 8
4597 -8
4598 -4
4599 8
4600 -8
4601 -20
4602 -14
4603 -6
4604 -18
4605 -32
4606 -28
4607 -28
4608 -42
4609 -50
4610 -62
4611 -70
4612 -58
4613 -48
4614 -30
4615 -20
4616 -20
4617 -16
4618 -10
4619 -16
4620 -26
4621 4
4622 -8
4623 -12
4624 -22
4625 -14
4626 -18
4627 -20
4628 -18
4629 -24
4630 -36
4631 -40
4632 -58
4633 -46
4634 -54
4635 -44
4636 -30
4637 -30
4638 -40
4639 -22
4640 -30
4641 -30
4642 -22
4643 -24
4644 -34
4645 -22
4646 -28
4647 -18
4648 -32
4649 -16
4650 -4
4651 8
4652 8
4653 0
4654 2
4655 26
4656 54
4657 58
4658 70
4659 50
4660 26
4661 26
4662 28
4663 22
4664 24
4665 28
4666 28
4667 10
4668 2
4669 2
4670 2
4671 0
4672 -12
4673 -20
4674 -40
4675 -42
4676 -38
4677 -50
4678 -54
4679 -54
4680 -52
4681 -44
4682 -30
4683 -32
4684 -26
4685 -44
4686 -44
4687 -32
4688 -40
4689 -64
4690 -64
4691 -68
4692 -58
4693 -56
4694 -50
4695 -52
4696 -50
4697 -50
4698 -40
4699 -50
4700 -42
4701 -34
4702 -22
4703 -22
4704 -30
4705 -18
4706 -22
4707 -20
4708 -16
4709 -12
4710 -20
4711 -24
4712 -18
4713 -20
4714 -14
4715 -18
4716 -28
4717 -26
4718 -34
4719 -32
4720 -36
4721 -60
4722 -62
4723 -58
4724 -42
4725 -30
4726 -36
4727 -26
4728 -22
4729 -16
4730 -10
4731 -2
4732 0
4733 -14
4734 16
4735 4
4736 0
4737 -28
4738 -30
4739 -38
4740 -34
4741 -32
4742 -48
4743 -60
4744 -48
4745 -60
4746 -58
4747 -52
4748 -60
4749 -46
4750 -30
4751 -42
4752 -24
4753 -24
4754 -22
4755 -22
4756 -14
4757 -4
4758 0
4759 -8
4760 -34
4761 -46
4762 -28
4763 -44
4764 -56
4765 -38
4766 -42
4767 -38
4768 -36
4769 -26
4770 -12
4771 2
4772 2
4773 10
4774 -8
4775 0
4776 -6
4777 0
4778 0
4779 10
4780 -2
4781 -10
4782 -12
4783 -22
4784 -20
4785 0
4786 -16
4787 -16
4788 -28
4789 -16
4790 -4
4791 -6
4792 -2
4793 6
4794 8
4795 6
4796 0
4797 10
4798 16
4799 8
4800 24
4801 -2
4802 2
4803 -14
4804 6
4805 -4
4806 -4
4807 -28
4808 -14
4809 4
4810 8
4811 4
4812 -4
4813 -4
4814 14
4815 16
4816 24
4817 16
4818 24
4819 2
4820 6
4821 22
4822 12
4823 6
4824 4
4825 20
4826 10
4827 20
4828 28
4829 20
4830 14
4831 2
4832 -6
4833 -18
4834 4
4835 -2
4836 -2
4837 6
4838 -8
4839 -12
4840 -18
4841 -12
4842 -4
4843 -4
4844 -6
4845 -14
4846 -38
4847 -32
4848 -42
4849 -30
4850 -34
4851 -20
4852 -38
4853 -38
4854 -40
4855 -34
4856 -26
4857 -30
4858 -34
4859 -38
4860 -30
4861 -44
4862 -48
4863 -56
4864 -54
4865 -58
4866 -56
4867 -74
4868 -56
4869 -44
4870 -60
4871 -56
4872 -56
4873 -48
4874 -58
4875 -38
4876 -44
4877 -44
4878 -42
4879 -50
4880 -32
4881 -20
4882 -4
4883 -14
4884 -26
4885 -24
4886 -4
4887 18
4888 26
4889 42
4890 40
4891 44
4892 48
4893 36
4894 34
4895 26
4896 18
4897 12
4898 24
4899 34
4900 34
4901 30
4902 24
4903 36
4904 44
4905 48
4906 40
4907 20
4908 20
4909 8
4910 10
4911 18
4912 18
4913 -4
4914 -16
4915 -14
4916 -34
4917 -40
4918 -36
4919 -54
4920 -50
4921 -42
4922 -26
4923 -36
4924 -44
4925 -46
4926 -56
4927 -54
4928 -38
4929 -38
4930 -46
4931 -40
4932 -34
4933 -28
4934 -16
4935 -24
4936 -20
4937 -34
4938 -36
4939 -42
4940 -48
4941 -50
4942 -56
4943 -48
4944 -46
4945 -42
4946 -34
4947 -42
4948 -58
4949 -54
4950 -64
4951 -70
4952 -54
4953 -42
4954 -48
4955 -52
4956 -36
4957 -34
4958 -30
4959 -40
4960 -36
4961 -22
4962 -38
4963 -50
4964 -24
4965 -30
4966 -20
4967 -12
4968 -12
4969 0
4970 -14
4971 -2
4972 2
4973 12
4974 4
4975 10
4976 -2
4977 -2
4978 -2
4979 16
4980 20
4981 8
4982 -12
4983 -22
4984 -24
4985 -16
4986 -14
4987 -30
4988 -30
4989 -6
4990 -20
4991 -4
4992 24
4993 40
4994 32
4995 30
4996 50
4997 54
4998 60
4999 54
5000 46
5001 54
5002 56
5003 68
5004 78
5005 68
5006 66
5007 72
5008 70
5009 74
5010 70
5011 78
5012 78
5013 60
5014 46
5015 42
5016 34
5017 30
5018 14
5019 10
5020 26
5021 12
5022 0
5023 16
5024 4
5025 -20
5026 -16
5027 -10
5028 -2
5029 -2
5030 12
5031 -8
5032 -10
5033 8
5034 6
5035 16
5036 20
5037 4
5038 0
5039 0
5040 8
5041 16
5042 6
5043 6
5044 8
5045 -18
5046 -34
5047 -26
5048 -28
5049 -32
5050 -22
5051 -30
5052 -36
5053 -24
5054 -16
5055 -8
5056 4
5057 6
5058 12
5059 18
5060 6
5061 6
5062 4
5063 4
5064 -20
5065 -28
5066 -22
5067 -18
5068 -18
5069 -18
5070 -28
5071 -34
5072 -26
5073 -42
5074 -32
5075 -36
5076 -34
5077 -38
5078 -34
5079 -32
5080 -30
5081 -40
5082 -30
5083 -24
5084 -26
5085 -24
5086 -18
5087 -18
5088 -28
5089 -20
5090 -28
5091 -24
5092 -24
5093 -10
5094 -14
5095 -12
5096 -16
5097 -16
5098 0
5099 -6
5100 -32
5101 -46
5102 -56
5103 -64
5104 -38
5105 -18
5106 0
5107 -6
5108 10
5109 22
5110 18
5111 28
5112 40
5113 38
5114 68
5115 68
5116 78
5117 68
5118 42
5119 52
5120 40
5121 30
5122 26
5123 42
5124 54
5125 56
5126 60
5127 66
5128 64
5129 60
5130 56
5131 56
5132 56
5133 50
5134 40
5135 32
5136 42
5137 46
5138 28
5139 18
5140 -2
5141 -6
5142 -4
5143 20
5144 20
5145 30
5146 40
5147 36
5148 26
5149 24
5150 18
5151 18
5152 14
5153 12
5154 32
5155 22
5156 50
5157 48
5158 54
5159 54
5160 34
5161 24
5162 18
5163 30
5164 20
5165 4
5166 2
5167 -2
5168 2
5169 0
5170 0
5171 -26
5172 -26
5173 -28
5174 -12
5175 4
5176 0
5177 -4
5178 -2
5179 -4
5180 -2
5181 -6
5182 -14
5183 -28
5184 -16
5185 6
5186 6
5187 12
5188 4
5189 0
5190 0
5191 2
5192 -2
5193 2
5194 -16
5195 -30
5196 -18
5197 6
5198 6
5199 -16
5200 -6
5201 -14
5202 -18
5203 -36
5204 -36
5205 -34
5206 -36
5207 -26
5208 -32
5209 -44
5210 -32
5211 -28
5212 -6
5213 -12
5214 -12
5215 6
5216 -14
5217 -30
5218 -28
5219 -28
5220 -44
5221 -40
5222 -58
5223 -58
5224 -48
5225 -40
5226 -38
5227 -40
5228 -38
5229 -42
5230 -54
5231 -38
5232 -42
5233 -50
5234 -36
5235 -38
5236 -28
5237 -16
5238 -22
5239 -32
5240 -30
5241 -20
5242 -18
5243 -18
5244 -24
5245 -18
5246 -2
5247 10
5248 10
5249 -4
5250 -2
5251 8
5252 8
5253 28
5254 32
5255 52
5256 44
5257 44
5258 42
5259 26
5260 32
5261 56
5262 46
5263 74
5264 64
5265 50
5266 40
5267 20
5268 34
5269 38
5270 42
5271 46
5272 58
5273 48
5274 38
5275 18
5276 22
5277 18
5278 14
5279 12
5280 22
5281 6
5282 -4
5283 8
5284 8
5285 2
5286 -8
5287 8
5288 -2
5289 6
5290 10
5291 20
5292 20
5293 24
5294 16
5295 18
5296 18
5297 12
5298 16
5299 6
5300 -2
5301 0
5302 0
5303 18
5304 42
5305 40
5306 26
5307 18
5308 -2
5309 14
5310 2
5311 18
5312 20
5313 8
5314 2
5315 8
5316 -4
5317 -4
5318 -20
5319 -18
5320 -10
5321 0
5322 10
5323 -2
5324 2
5325 12
5326 20
5327 16
5328 20
5329 16
5330 12
5331 10
5332 14
5333 18
5334 14
5335 32
5336 24
5337 10
5338 8
5339 10
5340 10
5341 16
5342 10
5343 14
5344 26
5345 10
5346 4
5347 -6
5348 4
5349 4
5350 4
5351 16
5352 22
5353 22
5354 32
5355 24
5356 34
5357 34
5358 42
5359 38
5360 48
5361 44
5362 34
5363 48
5364 58
5365 52
5366 42
5367 20
5368 16
5369 12
5370 30
5371 28
5372 6
5373 4
5374 8
5375 10
5376 16
5377 26
5378 10
5379 12
5380 30
5381 36
5382 48
5383 64
5384 64
5385 38
5386 48
5387 34
5388 28
5389 30
5390 26
5391 40
5392 40
5393 40
5394 36
5395 40
5396 22
5397 -4
5398 -8
5399 14
5400 18
5401 36
5402 40
5403 46
5404 52
5405 48
5406 32
5407 18
5408 22
5409 34
5410 34
5411 54
5412 26
5413 32
5414 4
5415 -6
5416 -20
5417 -28
5418 -36
5419 -28
5420 -20
5421 -22
5422 -30
5423 -30
5424 -38
5425 -32
5426 -16
5427 -12
5428 8
5429 4
5430 6
5431 4
5432 -2
5433 14
5434 0
5435 -10
5436 -30
5437 -42
5438 -40
5439 -34
5440 -28
5441 -2
5442 -8
5443 -30
5444 -44
5445 -32
5446 -24
5447 -12
5448 0
5449 12
5450 36
5451 58
5452 60
5453 32
5454 36
5455 32
5456 22
5457 20
5458 40
5459 38
5460 34
5461 28
5462 36
5463 16
5464 16
5465 14
5466 4
5467 -18
5468 -8
5469 4
5470 18
5471 16
5472 36
5473 14
5474 10
5475 8
5476 8
5477 -6
5478 -18
5479 -18
5480 -6
5481 -2
5482 14
5483 18
5484 14
5485 22
5486 18
5487 20
5488 26
5489 20
5490 18
5491 22
5492 20
5493 18
5494 8
5495 -4
5496 4
5497 -8
5498 -4
5499 4
5500 22
5501 22
5502 2
5503 2
5504 -4
5505 -12
5506 -32
5507 -40
5508 -22
5509 -38
5510 -42
5511 -54
5512 -56
5513 -32
5514 -32
5515 -26
5516 -46
5517 -46
5518 -36
5519 -36
5520 -14
5521 -10
5522 -6
5523 2
5524 -18
5525 -30
5526 -18
5527 -22
5528 -2
5529 16
5530 22
5531 16
5532 -14
5533 -26
5534 -26
5535 -24
5536 -30
5537 -16
5538 0
5539 -2
5540 4
5541 -2
5542 -2
5543 -4
5544 -8
5545 8
5546 8
5547 20
5548 28
5549 26
5550 26
5551 26
5552 36
5553 38
5554 22
5555 4
5556 26
5557 28
5558 20
5559 36
5560 42
5561 38
5562 54
5563 40
5564 44
5565 30
5566 20
5567 42
5568 50
5569 46
5570 48
5571 46
5572 56
5573 38
5574 26
5575 2
5576 14
5577 16
5578 0
5579 2
5580 0
5581 14
5582 18
5583 20
5584 16
5585 14
5586 2
5587 -10
5588 -12
5589 -8
5590 -22
5591 -26
5592 -30
5593 -40
5594 -42
5595 -48
5596 -44
5597 -30
5598 -26
5599 -30
5600 -34
5601 -48
5602 -30
5603 -30
5604 -18
5605 4
5606 4
5607 2
5608 0
5609 2
5610 -16
5611 -12
5612 -18
5613 -22
5614 -22
5615 -10
5616 -18
5617 -12
5618 -12
5619 2
5620 6
5621 4
5622 12
5623 24
5624 32
5625 44
5626 50
5627 48
5628 52
5629 60
5630 50
5631 38
5632 48
5633 20
5634 20
5635 10
5636 10
5637 18
5638 10
5639 8
5640 14
5641 0
5642 -4
5643 6
5644 6
5645 -16
5646 -12
5647 -8
5648 -2
5649 -10
5650 -16
5651 -14
5652 -2
5653 2
5654 10
5655 -16
5656 -20
5657 -12
5658 4
5659 -4
5660 18
5661 -4
5662 22
5663 10
5664 18
5665 12
5666 10
5667 20
5668 26
5669 36
5670 32
5671 28
5672 38
5673 42
5674 30
5675 30
5676 14
5677 2
5678 -6
5679 -24
5680 -26
5681 -36
5682 -38
5683 -40
5684 -46
5685 -44
5686 -46
5687 -36
5688 -24
5689 -30
5690 -26
5691 -20
5692 -20
5693 -20
5694 -26
5695 -26
5696 -10
5697 -16
5698 -20
5699 -26
5700 -36
5701 -36
5702 -56
5703 -48
5704 -48
5705 -36
5706 -48
5707 -52
5708 -20
5709 -20
5710 -34
5711 -46
5712 -28
5713 -28
5714 -16
5715 -8
5716 -20
5717 -8
5718 -10
5719 8
5720 30
5721 34
5722 36
5723 48
5724 40
5725 38
5726 26
5727 48
5728 40
5729 44
5730 44
5731 40
5732 38
5733 34
5734 24
5735 34
5736 24
5737 26
5738 6
5739 0
5740 2
5741 -4
5742 -12
5743 -12
5744 0
5745 10
5746 10
5747 -10
5748 -12
5749 6
5750 2
5751 8
5752 4
5753 0
5754 -12
5755 -34
5756 -30
5757 -28
5758 -40
5759 -44
5760 -16
5761 -14
5762 -18
5763 -28
5764 -32
5765 -48
5766 -38
5767 -26
5768 -34
5769 -28
5770 -42
5771 -26
5772 -34
5773 -42
5774 -36
5775 -30
5776 -24
5777 -16
5778 -16
5779 -30
5780 -24
5781 -32
5782 -22
5783 -26
5784 -22
5785 -8
5786 -6
5787 -4
5788 18
5789 10
5790 10
5791 18
5792 24
5793 38
5794 40
5795 12
5796 0
5797 4
5798 26
5799 28
5800 30
5801 18
5802 22
5803 18
5804 40
5805 42
5806 36
5807 42
5808 40
5809 50
5810 50
5811 32
5812 38
5813 32
5814 46
5815 42
5816 44
5817 30
5818 22
5819 26
5820 20
5821 46
5822 54
5823 38
5824 32
5825 14
5826 12
5827 8
5828 10
5829 14
5830 20
5831 34
5832 34
5833 28
5834 32
5835 18
5836 20
5837 12
5838 -2
5839 -10
5840 -20
5841 -20
5842 -4
5843 -16
5844 -20
5845 -6
5846 2
5847 24
5848 18
5849 12
5850 12
5851 10
5852 2
5853 12
5854 18
5855 10
5856 14
5857 -2
5858 8
5859 8
5860 6
5861 14
5862 4
5863 -20
5864 -28
5865 -22
5866 -12
5867 -18
5868 -28
5869 -28
5870 -30
5871 -38
5872 -34
5873 -26
5874 -18
5875 -10
5876 -4
5877 -16
5878 -6
5879 -22
5880 -26
5881 -26
5882 -28
5883 -32
5884 -24
5885 -20
5886 -10
5887 -4
5888 -6
5889 -8
5890 4
5891 14
5892 20
5893 24
5894 22
5895 20
5896 10
5897 14
5898 12
5899 26
5900 10
5901 28
5902 34
5903 40
5904 56
5905 64
5906 66
5907 70
5908 64
5909 52
5910 52
5911 50
5912 52
5913 52
5914 30
5915 28
5916 20
5917 38
5918 30
5919 32
5920 38
5921 60
5922 62
5923 58
5924 46
5925 56
5926 54
5927 52
5928 58
5929 44
5930 40
5931 28
5932 26
5933 28
5934 22
5935 36
5936 30
5937 52
5938 32
5939 48
5940 70
5941 60
5942 62
5943 52
5944 36
5945 30
5946 18
5947 4
5948 4
5949 2
5950 12
5951 -2
5952 -14
5953 -10
5954 -14
5955 -16
5956 -12
5957 -20
5958 -32
5959 -30
5960 -34
5961 -22
5962 -20
5963 -28
5964 -20
5965 -34
5966 -34
5967 -46
5968 -44
5969 -56
5970 -36
5971 -20
5972 -22
5973 4
5974 10
5975 2
5976 8
5977 8
5978 24
5979 16
5980 16
5981 12
5982 -4
5983 -12
5984 0
5985 -2
5986 -8
5987 10
5988 22
5989 8
5990 8
5991 8
5992 14
5993 -2
5994 6
5995 2
5996 14
5997 4
5998 -24
5999 -18
6000 -14
6001 -28
6002 -14
6003 -14
6004 -4
6005 -14
6006 -18
6007 -10
6008 -18
6009 -6
6010 -12
6011 -12
6012 8
6013 -10
6014 -4
6015 -2
6016 -2
6017 -8
6018 -16
6019 -16
6020 -18
6021 -32
6022 -40
6023 -62
6024 -48
6025 -34
6026 -48
6027 -52
6028 -44
6029 -58
6030 -60
6031 -72
6032 -74
6033 -66
6034 -52
6035 -44
6036 -60
6037 -54
6038 -60
6039 -54
6040 -50
6041 -44
6042 -24
6043 -26
6044 -16
6045 -6
6046 2
6047 24
6048 18
6049 26
6050 22
6051 24
6052 18
6053 18
6054 14
6055 6
6056 -2
6057 -4
6058 4
6059 -12
6060 -6
6061 2
6062 -8
6063 2
6064 -6
6065 6
6066 18
6067 14
6068 22
6069 4
6070 -10
6071 2
6072 -30
6073 -40
6074 -42
6075 -32
6076 -28
6077 -34
6078 -22
6079 -16
6080 -24
6081 -16
6082 -10
6083 -12
6084 -16
6085 -12
6086 -20
6087 -38
6088 -44
6089 -20
6090 -6
6091 -12
6092 -18
6093 -10
6094 -10
6095 -6
6096 -6
6097 2
6098 -2
6099 16
6100 14
6101 6
6102 12
6103 24
6104 14
6105 2
6106 0
6107 8
6108 -10
6109 4
6110 -6
6111 -22
6112 -34
6113 -32
6114 -18
6115 -10
6116 -10
6117 -26
6118 -18
6119 -10
6120 -12
6121 -2
6122 6
6123 6
6124 -10
6125 -14
6126 8
6127 4
6128 6
6129 14
6130 28
6131 32
6132 34
6133 40
6134 28
6135 20
6136 16
6137 20
6138 32
6139 22
6140 18
6141 4
6142 8
6143 10
6144 30
6145 42
6146 50
6147 40
6148 40
6149 38
6150 22
6151 6
6152 0
6153 -4
6154 -16
6155 -22
6156 -10
6157 10
6158 16
6159 28
6160 42
6161 54
6162 58
6163 70
6164 86
6165 96
6166 84
6167 74
6168 70
6169 72
6170 80
6171 68
6172 72
6173 88
6174 56
6175 44
6176 46
6177 56
6178 56
6179 46
6180 48
6181 38
6182 34
6183 28
6184 14
6185 14
6186 26
6187 40
6188 32
6189 32
6190 28
6191 30
6192 12
6193 -6
6194 -12
6195 -8
6196 8
6197 0
6198 0
6199 -20
6200 -20
6201 -28
6202 -8
6203 0
6204 10
6205 4
6206 14
6207 6
6208 14
6209 6
6210 2
6211 10
6212 2
6213 -8
6214 -4
6215 6
6216 12
6217 10
6218 12
6219 4
6220 -2
6221 4
6222 12
6223 4
6224 24
6225 2
6226 10
6227 -6
6228 14
6229 20
6230 10
6231 40
6232 42
6233 26
6234 14
6235 16
6236 10
6237 -4
6238 -22
6239 -14
6240 -2
6241 16
6242 14
6243 28
6244 18
6245 22
6246 26
6247 32
6248 48
6249 42
6250 52
6251 52
6252 44
6253 30
6254 30
6255 42
6256 42
6257 40
6258 38
6259 26
6260 12
6261 20
6262 24
6263 28
6264 26
6265 22
6266 24
6267 20
6268 22
6269 26
6270 24
6271 12
6272 10
6273 6
6274 -6
6275 14
6276 22
6277 14
6278 0
6279 -10
6280 -2
6281 0
6282 0
6283 -8
6284 14
6285 22
6286 32
6287 20
6288 18
6289 16
6290 16
6291 10
6292 2
6293 -6
6294 4
6295 0
6296 10
6297 18
6298 10
6299 8
6300 -12
6301 2
6302 -2
6303 -12
6304 -2
6305 16
6306 12
6307 8
6308 6
6309 8
6310 6
6311 16
6312 20
6313 12
6314 22
6315 28
6316 18
6317 4
6318 12
6319 24
6320 16
6321 4
6322 14
6323 -8
6324 -24
6325 -24
6326 -16
6327 -22
6328 -40
6329 -34
6330 -30
6331 -36
6332 -34
6333 -38
6334 -34
6335 -22
6336 -28
6337 -42
6338 -22
6339 -6
6340 -6
6341 2
6342 2
6343 -6
6344 -22
6345 -8
6346 -10
6347 -12
6348 -18
6349 -6
6350 -18
6351 -24
6352 -28
6353 -36
6354 -46
6355 -38
6356 -30
6357 -30
6358 -38
6359 -54
6360 -38
6361 -22
6362 -16
6363 -16
6364 -26
6365 -28
6366 -18
6367 -16
6368 -6
6369 -6
6370 10
6371 10
6372 10
6373 14
6374 6
6375 12
6376 18
6377 20
6378 20
6379 24
6380 18
6381 6
6382 18
6383 2
6384 -18
6385 -30
6386 -50
6387 -44
6388 -38
6389 -18
6390 -26
6391 -36
6392 -32
6393 -16
6394 -40
6395 -38
6396 -30
6397 -24
6398 -6
6399 -18
6400 -22
6401 -26
6402 -28
6403 -38
6404 -42
6405 -38
6406 -28
6407 -36
6408 -34
6409 -26
6410 -28
6411 -24
6412 -10
6413 -4
6414 -26
6415 -22
6416 -44
6417 -42
6418 -30
6419 -34
6420 -54
6421 -42
6422 -26
6423 -10
6424 -14
6425 -22
6426 -26
6427 -38
6428 -24
6429 -26
6430 -16
6431 0
6432 16
6433 4
6434 -4
6435 -8
6436 -8
6437 -8
6438 -20
6439 -28
6440 -38
6441 -22
6442 -40
6443 -30
6444 -30
6445 -38
6446 -26
6447 -26
6448 -22
6449 -14
6450 -14
6451 -12
6452 0
6453 6
6454 14
6455 22
6456 20
6457 38
6458 30
6459 38
6460 48
6461 54
6462 48
6463 56
6464 32
6465 50
6466 38
6467 28
6468 22
6469 36
6470 50
6471 36
6472 32
6473 38
6474 34
6475 12
6476 14
6477 28
6478 10
6479 10
6480 14
6481 -2
6482 -6
6483 8
6484 32
6485 32
6486 20
6487 12
6488 22
6489 30
6490 16
6491 -4
6492 8
6493 4
6494 16
6495 14
6496 -2
6497 -2
6498 16
6499 26
6500 34
6501 44
6502 50
6503 52
6504 42
6505 10
6506 -10
6507 -8
6508 -12
6509 -8
6510 -18
6511 14
6512 18
6513 24
6514 14
6515 12
6516 8
6517 18
6518 42
6519 26
6520 20
6521 22
6522 32
6523 28
6524 22
6525 24
6526 22
6527 22
6528 22
6529 18
6530 8
6531 16
6532 40
6533 50
6534 42
6535 48
6536 26
6537 32
6538 46
6539 44
6540 48
6541 22
6542 20
6543 14
6544 16
6545 28
6546 38
6547 54
6548 44
6549 38
6550 60
6551 70
6552 72
6553 56
6554 48
6555 30
6556 20
6557 24
6558 22
6559 38
6560 44
6561 56
6562 54
6563 60
6564 68
6565 68
6566 68
6567 66
6568 74
6569 72
6570 82
6571 78
6572 84
6573 76
6574 70
6575 70
6576 54
6577 62
6578 38
6579 38
6580 44
6581 42
6582 30
6583 24
6584 10
6585 16
6586 22
6587 12
6588 -2
6589 -8
6590 -12
6591 -18
6592 -14
6593 -22
6594 -22
6595 -20
6596 -30
6597 -32
6598 -36
6599 -38
6600 -44
6601 -52
6602 -52
6603 -40
6604 -44
6605 -52
6606 -58
6607 -38
6608 -26
6609 -26
6610 -20
6611 -44
6612 -56
6613 -42
6614 -28
6615 -4
6616 0
6617 -2
6618 -12
6619 -10
6620 -2
6621 0
6622 -6
6623 -6
6624 -6
6625 -18
6626 -36
6627 -20
6628 -34
6629 -44
6630 -46
6631 -30
6632 -28
6633 -18
6634 2
6635 -10
6636 0
6637 8
6638 8
6639 -2
6640 6
6641 12
6642 14
6643 12
6644 12
6645 -6
6646 -16
6647 -14
6648 -6
6649 8
6650 14
6651 16
6652 10
6653 4
6654 10
6655 16
6656 16
6657 16
6658 20
6659 20
6660 38
6661 52
6662 54
6663 44
6664 42
6665 52
6666 40
6667 22
6668 32
6669 20
6670 32
6671 14
6672 6
6673 -2
6674 -20
6675 -8
6676 -18
6677 4
6678 16
6679 6
6680 20
6681 28
6682 20
6683 18
6684 8
6685 8
6686 -18
6687 -10
6688 0
6689 6
6690 2
6691 20
6692 12
6693 24
6694 12
6695 6
6696 2
6697 -14
6698 -10
6699 -4
6700 -6
6701 -16
6702 12
6703 0
6704 -6
6705 -8
6706 -2
6707 -6
6708 6
6709 10
6710 2
6711 -6
6712 4
6713 -6
6714 -2
6715 22
6716 42
6717 38
6718 32
6719 36
6720 20
6721 32
6722 28
6723 26
6724 26
6725 8
6726 -6
6727 -4
6728 -12
6729 -22
6730 -22
6731 -12
6732 -8
6733 2
6734 4
6735 -18
6736 -10
6737 -8
6738 -8
6739 -28
6740 -26
6741 -16
6742 -10
6743 4
6744 10
6745 14
6746 -4
6747 -14
6748 -24
6749 -32
6750 -22
6751 -8
6752 4
6753 8
6754 8
6755 -4
6756 0
6757 -12
6758 -18
6759 -32
6760 -26
6761 -38
6762 -22
6763 -14
6764 10
6765 0
6766 4
6767 12
6768 -8
6769 -16
6770 -4
6771 0
6772 -6
6773 -14
6774 -36
6775 -26
6776 -10
6777 10
6778 18
6779 20
6780 14
6781 12
6782 2
6783 6
6784 -2
6785 6
6786 20
6787 6
6788 12
6789 8
6790 -2
6791 -14
6792 -12
6793 6
6794 -2
6795 -4
6796 -18
6797 -26
6798 -24
6799 -22
6800 -18
6801 -16
6802 -10
6803 -4
6804 -12
6805 -14
6806 -20
6807 -20
6808 4
6809 2
6810 -14
6811 -18
6812 -26
6813 -52
6814 -52
6815 -58
6816 -54
6817 -36
6818 -30
6819 -38
6820 -26
6821 -24
6822 -20
6823 -26
6824 -50
6825 -52
6826 -56
6827 -58
6828 -60
6829 -64
6830 -62
6831 -62
6832 -58
6833 -36
6834 -44
6835 -50
6836 -52
6837 -40
6838 -56
6839 -48
6840 -40
6841 -40
6842 -24
6843 -4
6844 12
6845 22
6846 18
6847 24
6848 26
6849 20
6850 12
6851 36
6852 14
6853 -2
6854 14
6855 16
6856 14
6857 22
6858 18
6859 6
6860 34
6861 36
6862 32
6863 36
6864 36
6865 28
6866 26
6867 20
6868 36
6869 44
6870 46
6871 40
6872 34
6873 42
6874 38
6875 40
6876 44
6877 34
6878 36
6879 50
6880 56
6881 60
6882 40
6883 48
6884 54
6885 36
6886 52
6887 58
6888 56
6889 46
6890 20
6891 26
6892 10
6893 6
6894 22
6895 14
6896 -6
6897 -10
6898 -28
6899 -16
6900 -10
6901 -6
6902 -16
6903 -12
6904 -16
6905 -8
6906 -12
6907 -10
6908 -14
6909 -28
6910 -36
6911 -42
6912 -40
6913 -34
6914 -14
6915 -4
6916 4
6917 10
6918 16
6919 28
6920 34
6921 42
6922 26
6923 42
6924 36
6925 36
6926 34
6927 42
6928 32
6929 26
6930 26
6931 30
6932 34
6933 32
6934 22
6935 34
6936 14
6937 14
6938 8
6939 6
6940 6
6941 -8
6942 -6
6943 -8
6944 -14
6945 -22
6946 -26
6947 0
6948 -2
6949 -10
6950 -16
6951 -26
6952 -24
6953 -12
6954 -12
6955 -6
6956 2
6957 4
6958 12
6959 6
6960 36
6961 16
6962 0
6963 4
6964 -16
6965 -24
6966 -34
6967 -44
6968 -48
6969 -36
6970 -26
6971 -14
6972 -22
6973 -18
6974 -30
6975 -44
6976 -42
6977 -44
6978 -54
6979 -30
6980 -10
6981 -2
6982 -18
6983 -2
6984 -4
6985 2
6986 6
6987 2
6988 10
6989 6
6990 -6
6991 2
6992 -8
6993 -4
6994 8
6995 4
6996 12
6997 16
6998 14
6999 38
7000 8
7001 -8
7002 -10
7003 -10
7004 4
7005 8
7006 0
7007 10
7008 6
7009 14
7010 22
7011 26
7012 18
7013 8
7014 -18
7015 -10
7016 2
7017 16
7018 28
7019 40
7020 38
7021 42
7022 26
7023 58
7024 42
7025 44
7026 46
7027 60
7028 44
7029 22
7030 18
7031 22
7032 30
7033 18
7034 16
7035 12
7036 0
7037 -12
7038 -8
7039 -18
7040 -26
7041 -20
7042 -30
7043 -12
7044 -14
7045 -32
7046 -38
7047 -44
7048 -62
7049 -60
7050 -52
7051 -68
7052 -64
7053 -54
7054 -52
7055 -52
7056 -52
7057 -54
7058 -54
7059 -60
7060 -62
7061 -62
7062 -72
7063 -78
7064 -66
7065 -54
7066 -56
7067 -58
7068 -50
7069 -52
7070 -42
7071 -28
7072 -18
7073 -6
7074 -4
7075 4
7076 2
7077 8
7078 22
7079 38
7080 24
7081 16
7082 8
7083 16
7084 20
7085 18
7086 8
7087 2
7088 0
7089 -22
7090 -28
7091 -14
7092 -20
7093 -36
7094 -34
7095 -38
7096 -38
7097 -34
7098 -24
7099 -24
7100 -22
7101 -34
7102 -40
7103 -40
7104 -40
7105 -40
7106 -28
7107 -2
7108 -8
7109 0
7110 4
7111 30
7112 24
7113 16
7114 6
7115 8
7116 16
7117 12
7118 2
7119 -10
7120 -6
7121 -26
7122 -28
7123 -16
7124 -18
7125 -30
7126 -18
7127 -22
7128 -20
7129 -24
7130 -12
7131 -16
7132 -10
7133 10
7134 20
7135 16
7136 10
7137 18
7138 2
7139 10
7140 16
7141 20
7142 -6
7143 0
7144 0
7145 2
7146 -20
7147 -16
7148 -4
7149 8
7150 16
7151 30
7152 34
7153 32
7154 34
7155 44
7156 42
7157 24
7158 28
7159 40
7160 50
7161 34
7162 10
7163 -6
7164 2
7165 4
7166 6
7167 28
7168 46
7169 34
7170 18
7171 38
7172 26
7173 20
7174 4
7175 -8
7176 -14
7177 6
7178 14
7179 12
7180 16
7181 20
7182 22
7183 26
7184 14
7185 4
7186 6
7187 6
7188 -14
7189 -30
7190 -16
7191 -6
7192 -16
7193 12
7194 14
7195 8
7196 20
7197 26
7198 38
7199 26
7200 46
7201 62
7202 48
7203 62
7204 60
7205 44
7206 38
7207 54
7208 70
7209 64
7210 58
7211 70
7212 80
7213 66
7214 64
7215 56
7216 58
7217 70
7218 48
7219 46
7220 38
7221 50
7222 42
7223 38
7224 46
7225 56
7226 52
7227 50
7228 36
7229 36
7230 18
7231 14
7232 10
7233 18
7234 16
7235 4
7236 -18
7237 -14
7238 -10
7239 -22
7240 -14
7241 -22
7242 -30
7243 -24
7244 -26
7245 -14
7246 2
7247 2
7248 6
7249 -12
7250 -4
7251 -6
7252 -4
7253 -4
7254 -4
7255 -6
7256 20
7257 18
7258 18
7259 14
7260 14
7261 22
7262 12
7263 8
7264 -10
7265 -20
7266 -12
7267 -20
7268 -28
7269 -34
7270 -28
7271 -56
7272 -60
7273 -44
7274 -38
7275 -36
7276 -50
7277 -56
7278 -58
7279 -52
7280 -52
7281 -54
7282 -48
7283 -68
7284 -58
7285 -82
7286 -62
7287 -66
7288 -46
7289 -68
7290 -82
7291 -92
7292 -68
7293 -84
7294 -84
7295 -86
7296 -92
7297 -84
7298 -72
7299 -66
7300 -70
7301 -62
7302 -70
7303 -60
7304 -58
7305 -44
7306 -54
7307 -50
7308 -48
7309 -36
7310 -36
7311 -32
7312 -28
7313 -26
7314 -38
7315 -30
7316 -34
7317 -36
7318 -30
7319 -6
7320 -8
7321 8
7322 10
7323 16
7324 10
7325 18
7326 12
7327 26
7328 20
7329 8
7330 4
7331 -6
7332 -4
7333 -2
7334 6
7335 -16
7336 -8
7337 -12
7338 -2
7339 6
7340 -8
7341 8
7342 6
7343 18
7344 12
7345 20
7346 -8
7347 -4
7348 4
7349 -8
7350 -4
7351 10
7352 28
7353 34
7354 24
7355 10
7356 20
7357 30
7358 22
7359 38
7360 48
7361 50
7362 40
7363 16
7364 0
7365 -22
7366 -32
7367 -8
7368 -10
7369 -6
7370 6
7371 -4
7372 10
7373 2
7374 10
7375 -10
7376 -30
7377 -14
7378 -10
7379 -12
7380 -4
7381 2
7382 -2
7383 -4
7384 6
7385 12
7386 10
7387 22
7388 16
7389 22
7390 30
7391 42
7392 20
7393 6
7394 -2
7395 8
7396 0
7397 4
7398 -4
7399 -10
7400 -8
7401 -10
7402 -18
7403 -10
7404 -20
7405 -24
7406 -36
7407 -30
7408 -12
7409 4
7410 6
7411 28
7412 38
7413 16
7414 8
7415 18
7416 26
7417 34
7418 36
7419 26
7420 26
7421 32
7422 28
7423 38
7424 46
7425 50
7426 60
7427 52
7428 58
7429 44
7430 34
7431 28
7432 30
7433 36
7434 24
7435 26
7436 22
7437 18
7438 18
7439 26
7440 30
7441 30
7442 34
7443 30
7444 40
7445 28
7446 20
7447 14
7448 10
7449 24
7450 36
7451 32
7452 28
7453 14
7454 18
7455 12
7456 6
7457 -10
7458 -10
7459 -12
7460 -18
7461 -12
7462 -14
7463 -46
7464 -38
7465 -18
7466 0
7467 10
7468 0
7469 2
7470 6
7471 -4
7472 2
7473 4
7474 -6
7475 -6
7476 -12
7477 -4
7478 -2
7479 10
7480 12
7481 20
7482 14
7483 24
7484 30
7485 24
7486 16
7487 -4
7488 8
7489 -8
7490 -30
7491 -14
7492 -32
7493 -22
7494 -26
7495 -20
7496 -16
7497 -10
7498 -16
7499 -4
7500 2
7501 -12
7502 -22
7503 -16
7504 -14
7505 -22
7506 -10
7507 2
7508 4
7509 16
7510 26
7511 0
7512 12
7513 18
7514 -4
7515 18
7516 12
7517 8
7518 4
7519 8
7520 -6
7521 -22
7522 10
7523 6
7524 -4
7525 -22
7526 -22
7527 -24
7528 -16
7529 -12
7530 -2
7531 -16
7532 -26
7533 -14
7534 -16
7535 -36
7536 -44
7537 -42
7538 -48
7539 -30
7540 -26
7541 -20
7542 -40
7543 2
7544 22
7545 10
7546 10
7547 20
7548 34
7549 36
7550 36
7551 28
7552 38
7553 20
7554 20
7555 12
7556 8
7557 -2
7558 0
7559 2
7560 4
7561 4
7562 10
7563 -8
7564 2
7565 6
7566 -8
7567 -14
7568 -16
7569 -16
7570 4
7571 18
7572 8
7573 2
7574 6
7575 20
7576 34
7577 44
7578 44
7579 40
7580 34
7581 34
7582 36
7583 40
7584 28
7585 26
7586 10
7587 8
7588 6
7589 -4
7590 -8
7591 -8
7592 -18
7593 -22
7594 -22
7595 -42
7596 -34
7597 -38
7598 -20
7599 -28
7600 -20
7601 -14
7602 -24
7603 -22
7604 -2
7605 10
7606 14
7607 4
7608 -4
7609 2
7610 -8
7611 16
7612 28
7613 28
7614 36
7615 48
7616 36
7617 38
7618 38
7619 42
7620 44
7621 30
7622 32
7623 46
7624 38
7625 34
7626 54
7627 56
7628 56
7629 52
7630 68
7631 52
7632 68
7633 52
7634 66
7635 70
7636 58
7637 56
7638 70
7639 66
7640 62
7641 46
7642 46
7643 36
7644 50
7645 28
7646 36
7647 44
7648 42
7649 32
7650 24
7651 26
7652 30
7653 20
7654 36
7655 30
7656 26
7657 42
7658 52
7659 52
7660 32
7661 52
7662 54
7663 26
7664 8
7665 6
7666 22
7667 6
7668 2
7669 14
7670 6
7671 32
7672 24
7673 12
7674 22
7675 0
7676 -4
7677 -8
7678 -22
7679 -12
7680 10
7681 14
7682 6
7683 6
7684 18
7685 28
7686 22
7687 12
7688 18
7689 18
7690 20
7691 14
7692 16
7693 12
7694 12
7695 28
7696 36
7697 36
7698 30
7699 20
7700 16
7701 22
7702 30
7703 42
7704 22
7705 44
7706 44
7707 62
7708 52
7709 44
7710 30
7711 38
7712 44
7713 64
7714 56
7715 46
7716 46
7717 42
7718 24
7719 42
7720 22
7721 16
7722 34
7723 24
7724 40
7725 50
7726 44
7727 58
7728 60
7729 58
7730 48
7731 54
7732 48
7733 52
7734 40
7735 54
7736 60
7737 64
7738 82
7739 76
7740 80
7741 56
7742 52
7743 50
7744 48
7745 26
7746 42
7747 38
7748 34
7749 34
7750 38
7751 24
7752 30
7753 34
7754 36
7755 32
7756 36
7757 14
7758 14
7759 -6
7760 -16
7761 -34
7762 -24
7763 -32
7764 -20
7765 -24
7766 -26
7767 -30
7768 -20
7769 -34
7770 -24
7771 -38
7772 -28
7773 -32
7774 -40
7775 -42
7776 -52
7777 -68
7778 -70
7779 -78
7780 -72
7781 -80
7782 -76
7783 -76
7784 -72
7785 -70
7786 -104
7787 -78
7788 -76
7789 -98
7790 -104
7791 -92
7792 -76
7793 -74
7794 -70
7795 -56
7796 -50
7797 -62
7798 -72
7799 -76
7800 -66
7801 -64
7802 -54
7803 -50
7804 -42
7805 -54
7806 -56
7807 -42
7808 -58
7809 -60
7810 -64
7811 -60
7812 -50
7813 -36
7814 -16
7815 -10
7816 -18
7817 -28
7818 -54
7819 -60
7820 -54
7821 -58
7822 -58
7823 -66
7824 -50
7825 -46
7826 -32
7827 -30
7828 -20
7829 -16
7830 -24
7831 -28
7832 -36
7833 -18
7834 -10
7835 -10
7836 -6
7837 -12
7838 -2
7839 8
7840 2
7841 -2
7842 -10
7843 -2
7844 4
7845 -16
7846 -24
7847 -24
7848 -32
7849 -24
7850 -36
7851 -48
7852 -36
7853 -14
7854 -22
7855 -22
7856 -22
7857 -12
7858 -22
7859 -16
7860 -22
7861 -28
7862 -20
7863 -16
7864 -32
7865 -26
7866 -34
7867 -42
7868 -60
7869 -44
7870 -52
7871 -48
7872 -50
7873 -60
7874 -46
7875 -58
7876 -58
7877 -58
7878 -66
7879 -58
7880 -62
7881 -56
7882 -66
7883 -68
7884 -68
7885 -64
7886 -52
7887 -40
7888 -52
7889 -62
7890 -62
7891 -70
7892 -82
7893 -70
7894 -56
7895 -48
7896 -26
7897 -30
7898 -34
7899 -34
7900 -26
7901 -50
7902 -38
7903 -36
7904 -52
7905 -56
7906 -60
7907 -58
7908 -22
7909 -6
7910 -4
7911 12
7912 14
7913 22
7914 28
7915 32
7916 22
7917 20
7918 12
7919 8
7920 0
7921 -12
7922 -20
7923 4
7924 -10
7925 -8
7926 -20
7927 -12
7928 -26
7929 -24
7930 -14
7931 -26
7932 -34
7933 -24
7934 -14
7935 -12
7936 -10
7937 -12
7938 -24
7939 -16
7940 -10
7941 -12
7942 0
7943 -8
7944 -20
7945 -10
7946 -12
7947 -4
7948 4
7949 4
7950 0
7951 2
7952 -14
7953 -18
7954 -12
7955 10
7956 18
7957 10
7958 -4
7959 -10
7960 -2
7961 -12
7962 -22
7963 -40
7964 -40
7965 -28
7966 -4
7967 -24
7968 -8
7969 -16
7970 -8
7971 2
7972 -4
7973 4
7974 14
7975 24
7976 28
7977 32
7978 14
7979 8
7980 -6
7981 -10
7982 -18
7983 -6
7984 -24
7985 -30
7986 -48
7987 -56
7988 -42
7989 -52
7990 -52
7991 -52
7992 -66
7993 -80
7994 -70
7995 -56
7996 -70
7997 -76
7998 -52
7999 -68
8000 -70
8001 -54
8002 -52
8003 -66
8004 -68
8005 -70
8006 -66
8007 -58
8008 -58
8009 -30
8010 -38
8011 -28
8012 -28
8013 -24
8014 -18
8015 -12
8016 -22
8017 -28
8018 -36
8019 -54
8020 -52
8021 -56
8022 -60
8023 -66
8024 -64
8025 -76
8026 -84
8027 -84
8028 -72
8029 -86
8030 -90
8031 -74
8032 -66
8033 -54
8034 -64
8035 -78
8036 -56
8037 -48
8038 -44
8039 -56
8040 -54
8041 -70
8042 -74
8043 -76
8044 -52
8045 -38
8046 -42
8047 -44
8048 -28
8049 -18
8050 -14
8051 -18
8052 10
8053 26
8054 34
8055 28
8056 22
8057 42
8058 38
8059 26
8060 30
8061 20
8062 22
8063 30
8064 20
8065 16
8066 12
8067 24
8068 22
8069 8
8070 24
8071 10
8072 44
8073 50
8074 58
8075 40
8076 54
8077 42
8078 44
8079 42
8080 20
8081 28
8082 14
8083 30
8084 36
8085 42
8086 46
8087 62
8088 60
8089 76
8090 70
8091 48
8092 42
8093 46
8094 42
8095 32
8096 26
8097 18
8098 4
8099 4
8100 8
8101 12
8102 6
8103 4
8104 10
8105 24
8106 32
8107 28
8108 36
8109 40
8110 42
8111 58
8112 52
8113 42
8114 42
8115 26
8116 16
8117 24
8118 12
8119 16
8120 24
8121 14
8122 14
8123 12
8124 4
8125 12
8126 14
8127 -2
8128 -4
8129 4
8130 4
8131 -2
8132 12
8133 4
8134 10
8135 -6
8136 -6
8137 26
8138 28
8139 38
8140 40
8141 28
8142 30
8143 20
8144 16
8145 12
8146 16
8147 10
8148 -18
8149 -2
8150 -24
8151 -26
8152 -20
8153 -18
8154 -30
8155 -34
8156 -24
8157 -14
8158 -2
8159 -6
8160 -18
8161 10
8162 -8
8163 -18
8164 -2
8165 16
8166 18
8167 16
8168 22
8169 0
8170 -2
8171 -16
8172 -6
8173 -12
8174 -2
8175 2
8176 6
8177 10
8178 4
8179 2
8180 -18
8181 -10
8182 -8
8183 -14
8184 -32
8185 -24
8186 -8
8187 -14
8188 -6
8189 -16
8190 -20
8191 -8
8192 14
8193 -4
8194 6
8195 16
8196 4
8197 8
8198 10
8199 6
8200 12
8201 6
8202 4
8203 12
8204 26
8205 36
8206 38
8207 54
8208 60
8209 58
8210 40
8211 38
8212 32
8213 12
8214 22
8215 30
8216 46
8217 44
8218 54
8219 50
8220 30
8221 24
8222 16
8223 6
8224 -2
8225 -14
8226 -28
8227 -26
8228 -36
8229 -26
8230 -32
8231 -28
8232 -18
8233 -22
8234 8
8235 6
8236 6
8237 4
8238 4
8239 0
8240 -4
8241 14
8242 24
8243 18
8244 -12
8245 2
8246 2
8247 -8
8248 -20
8249 -32
8250 -46
8251 -42
8252 -58
8253 -58
8254 -44
8255 -60
8256 -48
8257 -40
8258 -32
8259 -38
8260 -36
8261 -46
8262 -46
8263 -50
8264 -36
8265 -48
8266 -54
8267 -46
8268 -44
8269 -46
8270 -46
8271 -20
8272 -14
8273 -24
8274 -18
8275 -26
8276 -24
8277 -28
8278 -18
8279 4
8280 6
8281 22
8282 14
8283 16
8284 10
8285 6
8286 0
8287 -24
8288 -44
8289 -28
8290 -40
8291 -34
8292 -38
8293 -24
8294 -42
8295 -28
8296 -20
8297 -24
8298 -14
8299 -14
8300 4
8301 0
8302 10
8303 -2
8304 -4
8305 -12
8306 -28
8307 -24
8308 -34
8309 -28
8310 -22
8311 -22
8312 -6
8313 -6
8314 -16
8315 -16
8316 -12
8317 -10
8318 -20
8319 -8
8320 -4
8321 8
8322 6
8323 -16
8324 -4
8325 -2
8326 -4
8327 -6
8328 -6
8329 4
8330 -12
8331 -30
8332 -16
8333 -32
8334 -48
8335 -54
8336 -64
8337 -66
8338 -64
8339 -60
8340 -66
8341 -68
8342 -56
8343 -56
8344 -42
8345 -48
8346 -66
8347 -58
8348 -72
8349 -86
8350 -72
8351 -62
8352 -44
8353 -34
8354 -56
8355 -58
8356 -40
8357 -34
8358 -40
8359 -38
8360 -34
8361 -38
8362 -34
8363 -22
8364 -46
8365 -46
8366 -44
8367 -42
8368 -54
8369 -44
8370 -34
8371 -18
8372 -18
8373 -32
8374 -28
8375 -28
8376 -26
8377 -26
8378 -22
8379 -18
8380 -24
8381 -30
8382 -30
8383 -36
8384 -26
8385 -46
8386 -34
8387 -26
8388 -28
8389 -46
8390 -56
8391 -44
8392 -42
8393 -40
8394 -44
8395 -42
8396 -48
8397 -52
8398 -46
8399 -54
8400 -46
8401 -40
8402 -52
8403 -46
8404 -40
8405 -18
8406 -22
8407 -20
8408 -16
8409 -24
8410 -14
8411 6
8412 12
8413 28
8414 24
8415 -2
8416 0
8417 -18
8418 -14
8419 -24
8420 -20
8421 -28
8422 -30
8423 -20
8424 -16
8425 -20
8426 -18
8427 -6
8428 -6
8429 -12
8430 -18
8431 -14
8432 -28
8433 -36
8434 -32
8435 -30
8436 -32
8437 -32
8438 -36
8439 -32
8440 -30
8441 -20
8442 -26
8443 -24
8444 -32
8445 -42
8446 -42
8447 -34
8448 -24
8449 -16
8450 -10
8451 -8
8452 14
8453 12
8454 12
8455 24
8456 16
8457 36
8458 22
8459 22
8460 26
8461 22
8462 6
8463 16
8464 0
8465 4
8466 12
8467 14
8468 36
8469 20
8470 34
8471 34
8472 34
8473 32
8474 30
8475 36
8476 48
8477 26
8478 14
8479 24
8480 22
8481 8
8482 4
8483 0
8484 14
8485 8
8486 26
8487 26
8488 20
8489 30
8490 20
8491 16
8492 12
8493 10
8494 4
8495 -2
8496 0
8497 -14
8498 -12
8499 -30
8500 -26
8501 -24
8502 -34
8503 -28
8504 -14
8505 -22
8506 -10
8507 -14
8508 -2
8509 4
8510 -4
8511 -16
8512 -24
8513 -12
8514 -8
8515 -12
8516 -16
8517 -8
8518 -10
8519 -26
8520 -26
8521 -10
8522 -8
8523 -16
8524 -10
8525 -18
8526 -8
8527 -16
8528 -8
8529 -18
8530 -14
8531 -14
8532 -30
8533 -18
8534 -24
8535 -34
8536 -24
8537 -34
8538 -14
8539 -10
8540 -6
8541 6
8542 -8
8543 0
8544 26
8545 16
8546 14
8547 36
8548 24
8549 4
8550 18
8551 22
8552 52
8553 56
8554 62
8555 58
8556 28
8557 38
8558 30
8559 22
8560 22
8561 10
8562 12
8563 4
8564 2
8565 0
8566 16
8567 6
8568 10
8569 30
8570 36
8571 40
8572 36
8573 30
8574 52
8575 24
8576 28
8577 20
8578 22
8579 18
8580 24
8581 26
8582 30
8583 14
8584 8
8585 -10
8586 0
8587 -16
8588 -14
8589 8
8590 8
8591 10
8592 -10
8593 -6
8594 -4
8595 -10
8596 -18
8597 -30
8598 -44
8599 -56
8600 -68
8601 -74
8602 -68
8603 -76
8604 -94
8605 -76
8606 -56
8607 -68
8608 -52
8609 -40
8610 -38
8611 -34
8612 -52
8613 -58
8614 -58
8615 -42
8616 -48
8617 -30
8618 -42
8619 -30
8620 -20
8621 -26
8622 -32
8623 -38
8624 -26
8625 -14
8626 6
8627 4
8628 22
8629 24
8630 8
8631 6
8632 -4
8633 6
8634 -2
8635 -16
8636 0
8637 16
8638 14
8639 24
8640 36
8641 38
8642 16
8643 34
8644 32
8645 40
8646 32
8647 34
8648 44
8649 32
8650 22
8651 18
8652 16
8653 6
8654 18
8655 30
8656 38
8657 32
8658 8
8659 24
8660 8
8661 6
8662 4
8663 6
8664 6
8665 10
8666 14
8667 8
8668 8
8669 22
8670 26
8671 16
8672 36
8673 44
8674 62
8675 60
8676 54
8677 50
8678 54
8679 42
8680 22
8681 34
8682 24
8683 16
8684 10
8685 34
8686 22
8687 14
8688 14
8689 6
8690 28
8691 8
8692 -8
8693 -24
8694 -28
8695 -46
8696 -48
8697 -34
8698 -46
8699 -28
8700 -34
8701 -40
8702 -28
8703 -24
8704 -18
8705 -12
8706 -20
8707 -8
8708 -22
8709 -2
8710 -14
8711 -14
8712 4
8713 12
8714 20
8715 22
8716 18
8717 12
8718 24
8719 18
8720 0
8721 -6
8722 14
8723 2
8724 6
8725 16
8726 18
8727 30
8728 34
8729 34
8730 34
8731 36
8732 34
8733 44
8734 40
8735 34
8736 28
8737 20
8738 4
8739 -10
8740 -26
8741 -46
8742 -60
8743 -30
8744 -28
8745 -12
8746 -24
8747 -6
8748 -2
8749 2
8750 12
8751 14
8752 28
8753 10
8754 -12
8755 -22
8756 -12
8757 -16
8758 -16
8759 -22
8760 -18
8761 10
8762 16
8763 40
8764 24
8765 38
8766 38
8767 30
8768 24
8769 34
8770 50
8771 62
8772 46
8773 6
8774 6
8775 -14
8776 0
8777 -6
8778 -28
8779 -40
8780 -38
8781 -40
8782 -48
8783 -44
8784 -14
8785 6
8786 10
8787 -6
8788 -18
8789 -28
8790 -18
8791 -10
8792 -22
8793 -24
8794 -26
8795 -26
8796 -18
8797 -4
8798 -8
8799 -6
8800 -4
8801 4
8802 8
8803 24
8804 12
8805 12
8806 22
8807 26
8808 12
8809 10
8810 22
8811 16
8812 6
8813 -16
8814 -38
8815 -38
8816 -20
8817 -4
8818 -2
8819 16
8820 6
8821 8
8822 12
8823 8
8824 4
8825 -8
8826 -16
8827 -16
8828 -28
8829 -44
8830 -58
8831 -66
8832 -36
8833 -50
8834 -54
8835 -58
8836 -50
8837 -54
8838 -60
8839 -56
8840 -58
8841 -56
8842 -56
8843 -48
8844 -38
8845 -38
8846 -38
8847 -38
8848 -38
8849 -38
8850 -38
8851 -50
8852 -54
8853 -56
8854 -52
8855 -54
8856 -38
8857 -36
8858 -42
8859 -40
8860 -28
8861 -32
8862 -36
8863 -28
8864 -18
8865 -22
8866 -16
8867 -10
8868 -10
8869 0
8870 6
8871 6
8872 -8
8873 -12
8874 -20
8875 -22
8876 -4
8877 -12
8878 -14
8879 -26
8880 -28
8881 -42
8882 -50
8883 -42
8884 -54
8885 -70
8886 -76
8887 -80
8888 -78
8889 -68
8890 -72
8891 -70
8892 -74
8893 -88
8894 -92
8895 -80
8896 -86
8897 -70
8898 -60
8899 -58
8900 -60
8901 -58
8902 -56
8903 -56
8904 -52
8905 -40
8906 -48
8907 -74
8908 -62
8909 -76
8910 -76
8911 -54
8912 -36
8913 -12
8914 -14
8915 10
8916 10
8917 28
8918 34
8919 34
8920 30
8921 42
8922 42
8923 62
8924 56
8925 68
8926 58
8927 68
8928 84
8929 76
8930 72
8931 66
8932 50
8933 46
8934 62
8935 66
8936 70
8937 56
8938 44
8939 68
8940 34
8941 28
8942 28
8943 28
8944 24
8945 30
8946 30
8947 10
8948 -10
8949 -20
8950 -30
8951 -26
8952 -24
8953 -12
8954 -8
8955 -22
8956 -8
8957 16
8958 10
8959 12
8960 10
8961 -4
8962 8
8963 20
8964 20
8965 24
8966 18
8967 8
8968 8
8969 14
8970 16
8971 12
8972 10
8973 6
8974 26
8975 26
8976 16
8977 20
8978 22
8979 20
8980 26
8981 18
8982 4
8983 -4
8984 -10
8985 -2
8986 0
8987 0
8988 14
8989 6
8990 -2
8991 -6
8992 -4
8993 0
8994 10
8995 10
8996 4
8997 -10
8998 -22
8999 -12
9000 -8
9001 -6
9002 6
9003 -4
9004 -2
9005 2
9006 12
9007 14
9008 10
9009 16
9010 10
9011 -10
9012 0
9013 -8
9014 -6
9015 6
9016 -4
9017 0
9018 0
9019 4
9020 10
9021 6
9022 14
9023 4
9024 -6
9025 12
9026 8
9027 14
9028 14
9029 20
9030 22
9031 24
9032 40
9033 48
9034 46
9035 48
9036 46
9037 42
9038 38
9039 38
9040 36
9041 34
9042 38
9043 28
9044 22
9045 6
9046 10
9047 14
9048 38
9049 44
9050 50
9051 30
9052 24
9053 34
9054 32
9055 22
9056 28
9057 28
9058 18
9059 14
9060 18
9061 10
9062 12
9063 8
9064 10
9065 22
9066 18
9067 20
9068 -2
9069 -2
9070 12
9071 6
9072 -16
9073 -10
9074 -14
9075 -24
9076 -8
9077 -2
9078 6
9079 8
9080 8
9081 -2
9082 0
9083 0
9084 -18
9085 -10
9086 -18
9087 -34
9088 -12
9089 -28
9090 -46
9091 -50
9092 -46
9093 -38
9094 -46
9095 -54
9096 -38
9097 -60
9098 -72
9099 -68
9100 -62
9101 -42
9102 -40
9103 -50
9104 -74
9105 -74
9106 -76
9107 -82
9108 -78
9109 -68
9110 -76
9111 -72
9112 -62
9113 -66
9114 -72
9115 -88
9116 -92
9117 -90
9118 -104
9119 -90
9120 -76
9121 -84
9122 -88
9123 -92
9124 -96
9125 -94
9126 -90
9127 -96
9128 -78
9129 -78
9130 -68
9131 -56
9132 -30
9133 -10
9134 -20
9135 -14
9136 -16
9137 -28
9138 -40
9139 -14
9140 0
9141 8
9142 -6
9143 2
9144 4
9145 -4
9146 -14
9147 -18
9148 -10
9149 -4
9150 6
9151 20
9152 36
9153 34
9154 32
9155 20
9156 14
9157 22
9158 18
9159 22
9160 16
9161 0
9162 -4
9163 4
9164 -16
9165 -34
9166 -36
9167 -48
9168 -42
9169 -36
9170 -42
9171 -36
9172 -42
9173 -40
9174 -26
9175 -10
9176 6
9177 4
9178 -2
9179 -16
9180 -10
9181 -22
9182 -12
9183 -14
9184 -18
9185 -14
9186 -8
9187 -18
9188 -24
9189 -6
9190 -24
9191 -8
9192 12
9193 16
9194 26
9195 30
9196 24
9197 18
9198 38
9199 34
9200 28
9201 34
9202 24
9203 16
9204 32
9205 38
9206 32
9207 26
9208 38
9209 14
9210 8
9211 12
9212 10
9213 0
9214 -2
9215 2
9216 6
9217 14
9218 16
9219 16
9220 16
9221 26
9222 38
9223 24
9224 18
9225 30
9226 26
9227 20
9228 30
9229 26
9230 16
9231 14
9232 12
9233 -2
9234 -8
9235 -4
9236 12
9237 -2
9238 -10
9239 -2
9240 -6
9241 -22
9242 -10
9243 -24
9244 -42
9245 -22
9246 -46
9247 -42
9248 -48
9249 -56
9250 -48
9251 -58
9252 -40
9253 -24
9254 -38
9255 -12
9256 -14
9257 -4
9258 -10
9259 -4
9260 -4
9261 -12
9262 4
9263 -8
9264 -12
9265 -10
9266 -16
9267 -24
9268 -12
9269 -14
9270 -32
9271 -24
9272 -16
9273 -8
9274 6
9275 10
9276 40
9277 42
9278 62
9279 68
9280 64
9281 56
9282 32
9283 32
9284 24
9285 16
9286 26
9287 38
9288 36
9289 24
9290 22
9291 24
9292 14
9293 4
9294 4
9295 6
9296 6
9297 10
9298 0
9299 4
9300 -2
9301 16
9302 26
9303 8
9304 0
9305 -8
9306 4
9307 14
9308 14
9309 26
9310 36
9311 34
9312 18
9313 18
9314 30
9315 34
9316 24
9317 28
9318 12
9319 4
9320 4
9321 24
9322 26
9323 38
9324 26
9325 24
9326 16
9327 20
9328 34
9329 14
9330 14
9331 12
9332 38
9333 20
9334 12
9335 28
9336 16
9337 12
9338 14
9339 8
9340 -2
9341 -16
9342 -6
9343 -10
9344 -16
9345 2
9346 4
9347 -18
9348 -6
9349 -16
9350 -2
9351 4
9352 38
9353 42
9354 36
9355 26
9356 34
9357 14
9358 -2
9359 10
9360 14
9361 2
9362 2
9363 -10
9364 2
9365 10
9366 -4
9367 -14
9368 -18
9369 -22
9370 6
9371 -2
9372 -6
9373 0
9374 -2
9375 -12
9376 -14
9377 -14
9378 -22
9379 -22
9380 -26
9381 -30
9382 -18
9383 -32
9384 -30
9385 -28
9386 -16
9387 -20
9388 -14
9389 -12
9390 -10
9391 6
9392 20
9393 12
9394 4
9395 -4
9396 10
9397 20
9398 28
9399 38
9400 40
9401 62
9402 58
9403 48
9404 56
9405 48
9406 52
9407 46
9408 30
9409 10
9410 18
9411 16
9412 -2
9413 -8
9414 -8
9415 -24
9416 -46
9417 -46
9418 -32
9419 -28
9420 -22
9421 -14
9422 -26
9423 -30
9424 -26
9425 -42
9426 -46
9427 -54
9428 -48
9429 -12
9430 -18
9431 -24
9432 -20
9433 -28
9434 -14
9435 -16
9436 0
9437 10
9438 20
9439 4
9440 -8
9441 -24
9442 -38
9443 -28
9444 -16
9445 -18
9446 -16
9447 -20
9448 -4
9449 -12
9450 -18
9451 0
9452 -2
9453 2
9454 12
9455 4
9456 6
9457 -6
9458 -24
9459 -36
9460 -56
9461 -60
9462 -52
9463 -38
9464 -36
9465 -46
9466 -40
9467 -26
9468 -24
9469 -32
9470 -24
9471 -22
9472 -40
9473 -20
9474 -6
9475 -4
9476 -6
9477 -2
9478 -6
9479 2
9480 18
9481 18
9482 2
9483 6
9484 10
9485 6
9486 4
9487 24
9488 28
9489 18
9490 6
9491 0
9492 0
9493 8
9494 -2
9495 -16
9496 -18
9497 -6
9498 -10
9499 2
9500 -2
9501 -18
9502 -14
9503 -14
9504 -16
9505 -14
9506 -18
9507 -22
9508 -22
9509 -34
9510 -42
9511 -30
9512 -30
9513 -32
9514 -36
9515 -26
9516 -38
9517 -28
9518 -28
9519 -26
9520 -30
9521 -28
9522 -24
9523 -24
9524 0
9525 -4
9526 10
9527 4
9528 0
9529 -6
9530 -6
9531 -36
9532 -42
9533 -32
9534 -38
9535 -38
9536 -50
9537 -44
9538 -38
9539 -48
9540 -54
9541 -64
9542 -74
9543 -66
9544 -70
9545 -64
9546 -68
9547 -60
9548 -56
9549 -66
9550 -68
9551 -54
9552 -80
9553 -96
9554 -78
9555 -72
9556 -48
9557 -52
9558 -48
9559 -50
9560 -46
9561 -42
9562 -40
9563 -40
9564 -20
9565 -16
9566 -6
9567 6
9568 32
9569 16
9570 4
9571 -4
9572 -4
9573 -6
9574 -4
9575 6
9576 -10
9577 -6
9578 -6
9579 -10
9580 2
9581 0
9582 12
9583 20
9584 28
9585 32
9586 26
9587 26
9588 28
9589 28
9590 38
9591 26
9592 44
9593 32
9594 12
9595 4
9596 22
9597 12
9598 12
9599 26
9600 20
9601 34
9602 30
9603 46
9604 32
9605 30
9606 32
9607 28
9608 20
9609 34
9610 26
9611 24
9612 14
9613 0
9614 -6
9615 -8
9616 -22
9617 -38
9618 -38
9619 -32
9620 -28
9621 -38
9622 -32
9623 -52
9624 -42
9625 -38
9626 -18
9627 -36
9628 -30
9629 -18
9630 -18
9631 -34
9632 -28
9633 -28
9634 -20
9635 -20
9636 -26
9637 -26
9638 -40
9639 -48
9640 -40
9641 -36
9642 -70
9643 -72
9644 -54
9645 -76
9646 -76
9647 -74
9648 -68
9649 -74
9650 -76
9651 -74
9652 -62
9653 -62
9654 -50
9655 -50
9656 -28
9657 -32
9658 -28
9659 -26
9660 -18
9661 -12
9662 -6
9663 -4
9664 -2
9665 12
9666 -4
9667 0
9668 6
9669 8
9670 24
9671 38
9672 34
9673 40
9674 26
9675 6
9676 16
9677 28
9678 24
9679 24
9680 26
9681 36
9682 28
9683 10
9684 10
9685 8
9686 8
9687 10
9688 -2
9689 -8
9690 -18
9691 -16
9692 2
9693 2
9694 10
9695 2
9696 4
9697 4
9698 2
9699 -20
9700 -18
9701 -34
9702 -34
9703 -46
9704 -46
9705 -50
9706 -30
9707 -34
9708 -36
9709 -26
9710 -14
9711 -30
9712 -38
9713 -18
9714 -20
9715 -22
9716 -38
9717 -32
9718 -30
9719 -40
9720 -46
9721 -40
9722 -42
9723 -26
9724 -30
9725 -36
9726 -50
9727 -54
9728 -52
9729 -48
9730 -64
9731 -56
9732 -54
9733 -60
9734 -56
9735 -36
9736 -40
9737 -32
9738 -18
9739 -2
9740 6
9741 24
9742 26
9743 32
9744 34
9745 26
9746 24
9747 16
9748 22
9749 20
9750 32
9751 24
9752 26
9753 36
9754 26
9755 28
9756 36
9757 22
9758 18
9759 30
9760 18
9761 14
9762 10
9763 16
9764 12
9765 2
9766 4
9767 -18
9768 -14
9769 -26
9770 -20
9771 -4
9772 -32
9773 -12
9774 -24
9775 -4
9776 -4
9777 -16
9778 -18
9779 -8
9780 -8
9781 -20
9782 -28
9783 -24
9784 -24
9785 -20
9786 0
9787 -12
9788 -18
9789 -14
9790 -20
9791 -26
9792 -4
9793 2
9794 -8
9795 -2
9796 0
9797 2
9798 6
9799 0
9800 6
9801 10
9802 12
9803 14
9804 18
9805 0
9806 8
9807 4
9808 2
9809 0
9810 -10
9811 -18
9812 -22
9813 -20
9814 -22
9815 -2
9816 -26
9817 -14
9818 -4
9819 18
9820 26
9821 32
9822 16
9823 0
9824 2
9825 -14
9826 -10
9827 -6
9828 -26
9829 -36
9830 -50
9831 -34
9832 -26
9833 -40
9834 -26
9835 -26
9836 -22
9837 -6
9838 -32
9839 -24
9840 -36
9841 -68
9842 -74
9843 -58
9844 -60
9845 -64
9846 -60
9847 -46
9848 -54
9849 -58
9850 -48
9851 -50
9852 -48
9853 -38
9854 -34
9855 -34
9856 -46
9857 -26
9858 -28
9859 -24
9860 -24
9861 -26
9862 -30
9863 -20
9864 -30
9865 -22
9866 -30
9867 -30
9868 -24
9869 -20
9870 -12
9871 -10
9872 -6
9873 -4
9874 0
9875 2
9876 10
9877 12
9878 12
9879 18
9880 8
9881 -2
9882 -10
9883 -14
9884 -20
9885 -24
9886 -28
9887 -12
9888 -16
9889 -16
9890 -6
9891 -4
9892 -6
9893 0
9894 12
9895 8
9896 10
9897 14
9898 2
9899 -18
9900 -30
9901 -36
9902 -42
9903 -36
9904 -64
9905 -56
9906 -54
9907 -54
9908 -60
9909 -48
9910 -48
9911 -50
9912 -46
9913 -40
9914 -38
9915 -54
9916 -70
9917 -74
9918 -78
9919 -74
9920 -64
9921 -66
9922 -56
9923 -58
9924 -52
9925 -48
9926 -42
9927 -34
9928 -14
9929 -24
9930 -22
9931 -10
9932 -16
9933 -10
9934 -16
9935 -10
9936 0
9937 -20
9938 -38
9939 -24
9940 -26
9941 -22
9942 -22
9943 -16
9944 -6
9945 -16
9946 -16
9947 -12
9948 -10
9949 -2
9950 -18
9951 -18
9952 -24
9953 -8
9954 -2
9955 8
9956 2
9957 -4
9958 -2
9959 12
9960 2
9961 24
9962 28
9963 18
9964 18
9965 6
9966 0
9967 -6
9968 -22
9969 -18
9970 -8
9971 -2
9972 18
9973 28
9974 26
9975 32
9976 42
9977 60
9978 48
9979 34
9980 44
9981 48
9982 36
9983 16
9984 8
9985 10
9986 0
9987 -12
9988 -22
9989 -48
9990 -34
9991 -34
9992 -34
9993 -34
9994 -22
9995 -32
9996 -38
9997 -18
9998 0
9999 2
10000 12
