Magnetism Number of times done
0 -12
1 -12
2 -12
3 -2
4 0
5 -10
6 -20
7 -16
8 -2
9 -16
10 8
11 14
12 4
13 -12
14 -32
15 -44
16 -34
17 -30
18 -32
19 -32
20 -18
21 4
22 -2
23 -18
24 -8
25 -18
26 -16
27 -12
28 -18
29 -16
30 -26
31 -36
32 -30
33 -32
34 -26
35 -42
36 -26
37 -36
38 -36
39 -36
40 -40
41 -28
42 -20
43 -8
44 -24
45 -10
46 -8
47 4
48 18
49 32
50 58
51 60
52 62
53 38
54 36
55 30
56 58
57 44
58 42
59 50
60 52
61 42
62 18
63 30
64 24
65 0
66 -4
67 4
68 -8
69 -18
70 -14
71 -8
72 -26
73 -34
74 -28
75 -46
76 -50
77 -50
78 -38
79 -30
80 0
81 -2
82 10
83 2
84 -4
85 10
86 8
87 8
88 24
89 32
90 38
91 16
92 30
93 26
94 12
95 14
96 24
97 8
98 2
99 -4
100 -2
101 6
102 12
103 4
104 16
105 24
106 30
107 26
108 32
109 14
110 14
111 18
112 6
113 12
114 12
115 28
116 40
117 32
118 36
119 38
120 24
121 32
122 44
123 44
124 52
125 68
126 58
127 38
128 36
129 16
130 22
131 0
132 0
133 -8
134 6
135 8
136 4
137 8
138 8
139 8
140 -8
141 -10
142 -16
143 -24
144 -14
145 -14
146 -34
147 -36
148 -28
149 -26
150 -44
151 -66
152 -60
153 -32
154 -14
155 -40
156 -42
157 -26
158 -20
159 -6
160 -26
161 -26
162 -50
163 -40
164 -40
165 -38
166 -28
167 -42
168 -34
169 -36
170 -28
171 -24
172 -44
173 -48
174 -52
175 -36
176 -24
177 -8
178 10
179 14
180 34
181 24
182 22
183 28
184 30
185 26
186 20
187 8
188 -10
189 -22
190 -24
191 -16
192 -12
193 -10
194 -26
195 -40
196 -52
197 -48
198 -50
199 -44
200 -54
201 -56
202 -50
203 -40
204 -38
205 -34
206 -26
207 -32
208 -30
209 -30
210 -30
211 -18
212 -16
213 -26
214 -38
215 -42
216 -44
217 -50
218 -54
219 -30
220 -42
221 -48
222 -46
223 -26
224 -22
225 -32
226 -38
227 -36
228 -32
229 -42
230 -38
231 -16
232 -24
233 -30
234 -36
235 -50
236 -46
237 -50
238 -58
239 -48
240 -24
241 -20
242 -34
243 -16
244 4
245 12
246 20
247 32
248 32
249 36
250 34
251 16
252 18
253 28
254 18
255 26
256 12
257 4
258 0
259 8
260 20
261 28
262 22
263 22
264 28
265 30
266 22
267 30
268 30
269 18
270 18
271 30
272 36
273 38
274 26
275 24
276 34
277 40
278 54
279 34
280 24
281 30
282 38
283 22
284 8
285 18
286 12
287 8
288 0
289 -16
290 -24
291 -12
292 -28
293 -12
294 -16
295 -20
296 8
297 10
298 8
299 18
300 42
301 38
302 46
303 52
304 72
305 76
306 70
307 68
308 46
309 54
310 32
311 28
312 34
313 18
314 20
315 30
316 30
317 20
318 20
319 40
320 54
321 40
322 32
323 24
324 38
325 36
326 48
327 46
328 46
329 38
330 42
331 32
332 28
333 38
334 34
335 44
336 52
337 46
338 46
339 44
340 36
341 30
342 24
343 16
344 26
345 28
346 18
347 12
348 0
349 6
350 8
351 18
352 20
353 18
354 20
355 2
356 10
357 6
358 6
359 22
360 20
361 28
362 12
363 14
364 4
365 -4
366 4
367 8
368 16
369 22
370 18
371 24
372 28
373 32
374 24
375 14
376 20
377 28
378 32
379 34
380 40
381 42
382 44
383 36
384 30
385 30
386 26
387 34
388 24
389 34
390 36
391 50
392 38
393 38
394 36
395 68
396 66
397 66
398 70
399 56
400 40
401 60
402 52
403 54
404 38
405 28
406 36
407 22
408 32
409 48
410 36
411 52
412 26
413 10
414 -4
415 -12
416 -10
417 -6
418 4
419 -16
420 -16
421 -10
422 -20
423 -16
424 -20
425 -22
426 -28
427 -34
428 -44
429 -44
430 -36
431 -26
432 -42
433 -30
434 -24
435 -8
436 12
437 8
438 0
439 -6
440 -14
441 -34
442 -30
443 -20
444 -18
445 -28
446 -40
447 -48
448 -28
449 -42
450 -40
451 -52
452 -42
453 -54
454 -60
455 -70
456 -70
457 -50
458 -38
459 -54
460 -62
461 -50
462 -38
463 -42
464 -30
465 -32
466 -22
467 -32
468 -34
469 -32
470 -34
471 -38
472 -28
473 -26
474 -24
475 -12
476 0
477 -10
478 -24
479 -12
480 -10
481 -12
482 -34
483 -6
484 -6
485 0
486 -8
487 -26
488 -18
489 -18
490 -8
491 -22
492 -18
493 -20
494 -22
495 -8
496 -26
497 -28
498 -24
499 -16
500 -20
501 -6
502 -6
503 -8
504 -16
505 -30
506 -32
507 -28
508 -34
509 -32
510 -20
511 -12
512 -10
513 -8
514 -12
515 -10
516 -20
517 -12
518 -40
519 -36
520 -30
521 -26
522 0
523 2
524 16
525 18
526 26
527 44
528 28
529 10
530 8
531 20
532 16
533 24
534 28
535 22
536 18
537 14
538 12
539 14
540 24
541 28
542 6
543 18
544 6
545 4
546 4
547 10
548 2
549 16
550 8
551 4
552 16
553 16
554 14
555 8
556 16
557 28
558 24
559 10
560 -6
561 -26
562 -16
563 -6
564 6
565 8
566 16
567 20
568 10
569 0
570 16
571 26
572 16
573 14
574 -4
575 -4
576 2
577 -14
578 -16
579 -6
580 -4
581 14
582 14
583 6
584 16
585 0
586 16
587 10
588 -2
589 6
590 8
591 2
592 -6
593 -12
594 -28
595 -14
596 2
597 2
598 -6
599 -12
600 -6
601 -10
602 -14
603 -4
604 2
605 -18
606 -24
607 -32
608 -12
609 -18
610 -24
611 -8
612 4
613 20
614 24
615 34
616 12
617 8
618 -8
619 -8
620 -14
621 2
622 28
623 22
624 18
625 42
626 56
627 50
628 58
629 70
630 72
631 56
632 40
633 38
634 16
635 26
636 22
637 28
638 40
639 52
640 40
641 28
642 26
643 26
644 22
645 42
646 46
647 50
648 40
649 36
650 40
651 28
652 20
653 24
654 4
655 22
656 24
657 28
658 14
659 10
660 6
661 -6
662 -24
663 -12
664 -22
665 -22
666 -26
667 -14
668 4
669 0
670 6
671 6
672 8
673 12
674 14
675 22
676 28
677 46
678 40
679 36
680 36
681 50
682 66
683 46
684 76
685 66
686 76
687 62
688 48
689 62
690 62
691 48
692 60
693 64
694 68
695 58
696 42
697 30
698 22
699 22
700 4
701 -22
702 -28
703 -38
704 -44
705 -48
706 -62
707 -78
708 -80
709 -78
710 -66
711 -54
712 -36
713 -24
714 -34
715 -42
716 -44
717 -64
718 -56
719 -58
720 -66
721 -48
722 -56
723 -54
724 -54
725 -56
726 -60
727 -54
728 -52
729 -48
730 -30
731 -40
732 -32
733 -38
734 -26
735 -28
736 -38
737 -48
738 -46
739 -42
740 -48
741 -36
742 -34
743 -28
744 -14
745 -14
746 -26
747 -40
748 -36
749 -26
750 -34
751 -30
752 -28
753 -38
754 -44
755 -40
756 -28
757 -36
758 -20
759 -18
760 -34
761 -48
762 -52
763 -50
764 -60
765 -58
766 -48
767 -38
768 -30
769 -20
770 -26
771 -6
772 4
773 -8
774 4
775 36
776 54
777 62
778 58
779 36
780 26
781 16
782 18
783 6
784 20
785 10
786 30
787 10
788 -8
789 4
790 -6
791 -2
792 0
793 -4
794 12
795 16
796 16
797 8
798 18
799 16
800 12
801 20
802 22
803 24
804 36
805 46
806 24
807 38
808 28
809 48
810 40
811 32
812 30
813 38
814 40
815 34
816 38
817 48
818 52
819 46
820 28
821 16
822 10
823 6
824 2
825 10
826 4
827 2
828 -12
829 2
830 -14
831 -24
832 -32
833 -24
834 -30
835 -16
836 -4
837 -6
838 8
839 2
840 10
841 28
842 26
843 32
844 32
845 34
846 48
847 48
848 42
849 32
850 30
851 42
852 32
853 22
854 24
855 0
856 0
857 -6
858 -4
859 -10
860 -42
861 -42
862 -30
863 -20
864 -12
865 -34
866 -34
867 -46
868 -58
869 -82
870 -62
871 -62
872 -44
873 -50
874 -44
875 -42
876 -54
877 -54
878 -34
879 -32
880 -32
881 -36
882 -16
883 -22
884 -20
885 -32
886 -44
887 -38
888 -36
889 -46
890 -34
891 -34
892 -54
893 -60
894 -40
895 -52
896 -64
897 -64
898 -46
899 -36
900 -46
901 -38
902 -16
903 -12
904 -6
905 0
906 10
907 16
908 12
909 20
910 22
911 26
912 42
913 50
914 46
915 44
916 22
917 26
918 18
919 30
920 24
921 28
922 6
923 10
924 20
925 16
926 28
927 34
928 30
929 0
930 -14
931 -2
932 8
933 2
934 -2
935 -10
936 -12
937 -26
938 -26
939 -42
940 -32
941 0
942 8
943 10
944 20
945 12
946 4
947 0
948 -20
949 -26
950 -22
951 -14
952 -22
953 -26
954 -26
955 -20
956 -4
957 -2
958 4
959 -8
960 16
961 -4
962 6
963 -10
964 -6
965 -34
966 -34
967 -42
968 -36
969 -48
970 -28
971 -28
972 -18
973 2
974 -4
975 -6
976 -24
977 -4
978 -6
979 8
980 14
981 2
982 10
983 10
984 16
985 16
986 6
987 2
988 20
989 28
990 30
991 38
992 46
993 46
994 42
995 24
996 40
997 32
998 34
999 54
1000 44
