Magnetism Number of times done
0 -18
1 -14
2 -14
3 -4
4 -14
5 -24
6 -38
7 -42
8 -50
9 -46
10 -46
11 -54
12 -30
13 -36
14 -58
15 -52
16 -56
17 -66
18 -50
19 -52
20 -44
21 -8
22 14
23 24
24 16
25 22
26 20
27 18
28 18
29 4
30 -10
31 -18
32 -36
33 -14
34 -2
35 12
36 12
37 12
38 20
39 30
40 4
41 14
42 20
43 -6
44 -16
45 -20
46 -8
47 -4
48 -20
49 -12
50 6
51 -2
52 -22
53 -46
54 -20
55 -18
56 -24
57 -28
58 -26
59 -18
60 -16
61 -14
62 -12
63 -34
64 -28
65 -18
66 -22
67 -6
68 -18
69 6
70 10
71 12
72 12
73 -6
74 0
75 4
76 -10
77 -28
78 -44
79 -46
80 -42
81 -48
82 -32
83 -40
84 -36
85 -40
86 -34
87 -44
88 -54
89 -34
90 -40
91 -46
92 -30
93 -38
94 -44
95 -54
96 -64
97 -48
98 -40
99 -50
100 -44
101 -46
102 -16
103 -14
104 -34
105 -48
106 -32
107 -32
108 -20
109 -16
110 -18
111 -8
112 -2
113 0
114 16
115 32
116 18
117 44
118 50
119 48
120 46
121 40
122 52
123 66
124 66
125 66
126 56
127 52
128 42
129 36
130 24
131 28
132 36
133 20
134 16
135 -4
136 -10
137 8
138 6
139 14
140 18
141 10
142 8
143 -6
144 -20
145 -26
146 -20
147 -24
148 -32
149 -20
150 -20
151 -8
152 -2
153 -6
154 4
155 12
156 2
157 18
158 26
159 22
160 16
161 32
162 20
163 -4
164 -4
165 -10
166 -2
167 -4
168 -2
169 8
170 18
171 26
172 16
173 16
174 12
175 26
176 10
177 0
178 -2
179 -14
180 -26
181 -12
182 -12
183 -4
184 -12
185 -6
186 -12
187 10
188 20
189 30
190 36
191 38
192 32
193 30
194 10
195 8
196 -2
197 6
198 4
199 8
200 0
201 0
202 -14
203 -14
204 -12
205 -22
206 -16
207 -22
208 -10
209 -28
210 -20
211 -12
212 0
213 10
214 22
215 14
216 12
217 34
218 34
219 14
220 18
221 22
222 18
223 10
224 4
225 -4
226 -6
227 -4
228 -8
229 -22
230 -22
231 -24
232 -26
233 -22
234 -36
235 -32
236 -34
237 -22
238 0
239 -4
240 4
241 2
242 -4
243 0
244 14
245 28
246 36
247 44
248 58
249 50
250 56
251 56
252 56
253 66
254 56
255 54
256 62
257 48
258 36
259 54
260 46
261 38
262 46
263 50
264 56
265 24
266 32
267 12
268 6
269 -4
270 -14
271 -2
272 18
273 10
274 22
275 32
276 34
277 30
278 12
279 10
280 6
281 14
282 18
283 14
284 4
285 12
286 6
287 16
288 -26
289 -16
290 -2
291 -4
292 6
293 16
294 4
295 6
296 4
297 4
298 -4
299 8
300 12
301 14
302 20
303 10
304 4
305 14
306 12
307 -6
308 2
309 -24
310 -24
311 -26
312 -28
313 -18
314 -28
315 -16
316 -16
317 -6
318 14
319 4
320 -8
321 8
322 -4
323 -4
324 -2
325 -2
326 6
327 10
328 18
329 32
330 42
331 34
332 24
333 22
334 26
335 22
336 6
337 10
338 16
339 12
340 20
341 10
342 20
343 30
344 40
345 32
346 34
347 30
348 14
349 26
350 14
351 20
352 34
353 46
354 18
355 8
356 6
357 36
358 32
359 24
360 22
361 30
362 40
363 18
364 6
365 14
366 12
367 6
368 -2
369 6
370 0
371 8
372 2
373 -2
374 -12
375 -14
376 -10
377 -8
378 -4
379 -4
380 -14
381 -24
382 -14
383 12
384 18
385 22
386 14
387 10
388 20
389 12
390 12
391 8
392 8
393 8
394 8
395 4
396 14
397 18
398 28
399 28
400 30
401 38
402 58
403 50
404 50
405 58
406 52
407 48
408 66
409 64
410 60
411 60
412 64
413 50
414 30
415 24
416 24
417 24
418 22
419 42
420 40
421 38
422 48
423 58
424 62
425 74
426 62
427 32
428 34
429 34
430 12
431 16
432 14
433 16
434 -2
435 -2
436 2
437 0
438 -18
439 -2
440 -10
441 -10
442 10
443 14
444 -8
445 14
446 16
447 4
448 -6
449 -12
450 2
451 -6
452 -14
453 -8
454 -14
455 -26
456 0
457 14
458 30
459 20
460 22
461 10
462 4
463 -8
464 -2
465 4
466 0
467 0
468 -10
469 10
470 12
471 12
472 18
473 28
474 10
475 12
476 26
477 24
478 22
479 6
480 16
481 10
482 14
483 22
484 26
485 14
486 18
487 14
488 2
489 2
490 -16
491 -38
492 -42
493 -40
494 -52
495 -38
496 -22
497 -22
498 -34
499 -62
500 -44
501 -30
502 -24
503 -16
504 -36
505 -40
506 -38
507 -18
508 -28
509 -34
510 -28
511 -24
512 -32
513 -56
514 -56
515 -52
516 -70
517 -54
518 -54
519 -46
520 -40
521 -32
522 -40
523 -40
524 -28
525 -22
526 -16
527 -24
528 -22
529 -18
530 -16
531 -18
532 -20
533 -28
534 -36
535 -40
536 -34
537 -30
538 -14
539 -22
540 -20
541 -18
542 -26
543 -28
544 -52
545 -46
546 -58
547 -32
548 -20
549 -6
550 -30
551 -8
552 4
553 10
554 -2
555 -18
556 -12
557 -12
558 8
559 14
560 24
561 26
562 28
563 30
564 26
565 18
566 4
567 26
568 14
569 24
570 30
571 30
572 12
573 24
574 30
575 26
576 32
577 32
578 20
579 22
580 34
581 36
582 58
583 74
584 76
585 62
586 66
587 50
588 50
589 48
590 28
591 12
592 26
593 42
594 40
595 48
596 40
597 30
598 22
599 28
600 18
601 20
602 30
603 36
604 42
605 30
606 6
607 10
608 28
609 38
610 42
611 40
612 32
613 32
614 28
615 14
616 -2
617 -10
618 -18
619 -16
620 -22
621 -48
622 -50
623 -52
624 -50
625 -26
626 -32
627 -22
628 -16
629 -24
630 -18
631 -20
632 -6
633 -6
634 -14
635 -28
636 -36
637 -32
638 -32
639 -36
640 -42
641 -40
642 -44
643 -52
644 -58
645 -34
646 -26
647 -26
648 -14
649 22
650 14
651 16
652 14
653 2
654 2
655 6
656 6
657 10
658 14
659 18
660 16
661 24
662 34
663 24
664 20
665 18
666 36
667 24
668 28
669 26
670 42
671 50
672 46
673 38
674 46
675 44
676 36
677 52
678 30
679 32
680 34
681 26
682 26
683 26
684 42
685 44
686 42
687 34
688 34
689 14
690 20
691 16
692 22
693 20
694 20
695 28
696 6
697 -6
698 2
699 -8
700 -20
701 -24
702 -52
703 -22
704 -22
705 -30
706 -32
707 -20
708 -24
709 -26
710 -6
711 -16
712 -32
713 -18
714 0
715 -2
716 10
717 2
718 0
719 -20
720 -24
721 -22
722 -38
723 -52
724 -32
725 -26
726 -14
727 -20
728 -10
729 -4
730 -2
731 -20
732 -18
733 -14
734 -4
735 -10
736 4
737 10
738 14
739 22
740 30
741 44
742 16
743 28
744 32
745 30
746 14
747 10
748 14
749 12
750 2
751 10
752 16
753 -4
754 0
755 18
756 4
757 18
758 12
759 6
760 -2
761 8
762 -10
763 -28
764 -12
765 4
766 2
767 -10
768 -12
769 -20
770 -20
771 -18
772 2
773 0
774 -18
775 -6
776 -8
777 6
778 -2
779 2
780 6
781 0
782 8
783 16
784 10
785 18
786 24
787 6
788 26
789 30
790 46
791 50
792 42
793 42
794 8
795 12
796 -10
797 2
798 2
799 6
800 -14
801 -18
802 -46
803 -30
804 -38
805 -42
806 -24
807 -18
808 -10
809 -6
810 -4
811 -12
812 4
813 -2
814 -14
815 6
816 14
817 28
818 34
819 34
820 42
821 44
822 44
823 48
824 48
825 20
826 28
827 24
828 34
829 24
830 20
831 12
832 8
833 10
834 10
835 4
836 2
837 10
838 -14
839 -12
840 -4
841 -4
842 -24
843 -22
844 -8
845 -6
846 10
847 2
848 10
849 8
850 26
851 24
852 36
853 42
854 22
855 20
856 16
857 4
858 8
859 24
860 4
861 0
862 -6
863 2
864 10
865 22
866 38
867 18
868 22
869 32
870 34
871 42
872 40
873 42
874 54
875 56
876 52
877 48
878 48
879 56
880 48
881 40
882 50
883 34
884 26
885 40
886 26
887 42
888 42
889 74
890 52
891 64
892 36
893 16
894 20
895 4
896 -2
897 8
898 -12
899 -12
900 -14
901 -4
902 -2
903 -14
904 -26
905 -36
906 -28
907 -38
908 -38
909 -30
910 -30
911 -20
912 -22
913 -18
914 -16
915 -8
916 -4
917 10
918 -4
919 -14
920 -10
921 -40
922 -28
923 -24
924 -18
925 -6
926 10
927 -8
928 6
929 8
930 12
931 20
932 30
933 46
934 46
935 36
936 52
937 60
938 52
939 40
940 36
941 32
942 12
943 20
944 32
945 46
946 44
947 24
948 32
949 34
950 30
951 40
952 50
953 68
954 66
955 54
956 56
957 56
958 48
959 52
960 66
961 80
962 62
963 74
964 62
965 56
966 70
967 78
968 86
969 90
970 94
971 78
972 66
973 52
974 50
975 40
976 38
977 46
978 54
979 40
980 38
981 34
982 48
983 40
984 42
985 42
986 52
987 40
988 26
989 12
990 4
991 -4
992 2
993 -4
994 4
995 -12
996 -16
997 -16
998 -20
999 -22
1000 -16
1001 -2
1002 -6
1003 14
1004 16
1005 30
1006 30
1007 26
1008 22
1009 22
1010 8
1011 12
1012 16
1013 8
1014 8
1015 26
1016 56
1017 52
1018 40
1019 26
1020 10
1021 24
1022 22
1023 12
1024 20
1025 18
1026 8
1027 -16
1028 -12
1029 4
1030 22
1031 14
1032 14
1033 6
1034 22
1035 18
1036 18
1037 32
1038 32
1039 38
1040 44
1041 42
1042 46
1043 54
1044 62
1045 80
1046 84
1047 56
1048 56
1049 46
1050 40
1051 34
1052 24
1053 28
1054 20
1055 -2
1056 0
1057 -6
1058 12
1059 -8
1060 -4
1061 -12
1062 -14
1063 6
1064 16
1065 -2
1066 2
1067 8
1068 16
1069 6
1070 -2
1071 0
1072 -4
1073 -12
1074 -8
1075 -12
1076 -12
1077 -18
1078 -18
1079 -20
1080 -22
1081 -6
1082 -12
1083 4
1084 4
1085 8
1086 -6
1087 -4
1088 -10
1089 -24
1090 -16
1091 -12
1092 -20
1093 -20
1094 -4
1095 -2
1096 6
1097 6
1098 8
1099 20
1100 34
1101 22
1102 22
1103 18
1104 16
1105 22
1106 26
1107 16
1108 -2
1109 -8
1110 8
1111 2
1112 20
1113 14
1114 20
1115 28
1116 32
1117 42
1118 46
1119 42
1120 64
1121 66
1122 50
1123 44
1124 50
1125 42
1126 56
1127 44
1128 30
1129 36
1130 46
1131 30
1132 22
1133 24
1134 22
1135 6
1136 20
1137 2
1138 0
1139 -12
1140 -6
1141 -2
1142 -4
1143 10
1144 4
1145 8
1146 2
1147 -4
1148 6
1149 -8
1150 -4
1151 -4
1152 2
1153 -6
1154 -10
1155 2
1156 8
1157 8
1158 22
1159 2
1160 -20
1161 -12
1162 -12
1163 -16
1164 6
1165 4
1166 2
1167 -4
1168 -10
1169 -10
1170 -2
1171 2
1172 -8
1173 -22
1174 -16
1175 -14
1176 -20
1177 -2
1178 -6
1179 -12
1180 -18
1181 -10
1182 -20
1183 -20
1184 -16
1185 -8
1186 -8
1187 14
1188 4
1189 4
1190 4
1191 -8
1192 0
1193 0
1194 -8
1195 -2
1196 -10
1197 -10
1198 -4
1199 -4
1200 -8
1201 -2
1202 -4
1203 -12
1204 -12
1205 -4
1206 8
1207 14
1208 16
1209 14
1210 14
1211 18
1212 32
1213 46
1214 42
1215 58
1216 48
1217 50
1218 34
1219 30
1220 28
1221 32
1222 44
1223 50
1224 54
1225 48
1226 42
1227 40
1228 42
1229 30
1230 10
1231 -12
1232 -4
1233 6
1234 22
1235 16
1236 2
1237 -8
1238 -8
1239 -8
1240 -14
1241 -36
1242 -28
1243 -30
1244 -22
1245 -30
1246 -18
1247 -2
1248 6
1249 10
1250 14
1251 10
1252 14
1253 -4
1254 10
1255 18
1256 24
1257 24
1258 22
1259 34
1260 20
1261 26
1262 24
1263 28
1264 22
1265 14
1266 32
1267 42
1268 40
1269 36
1270 28
1271 44
1272 48
1273 50
1274 58
1275 54
1276 58
1277 44
1278 54
1279 36
1280 52
1281 40
1282 46
1283 34
1284 12
1285 20
1286 28
1287 36
1288 40
1289 32
1290 36
1291 22
1292 30
1293 34
1294 24
1295 18
1296 2
1297 12
1298 0
1299 22
1300 16
1301 6
1302 6
1303 -16
1304 -24
1305 -12
1306 -6
1307 -22
1308 -32
1309 -8
1310 -6
1311 0
1312 -14
1313 -28
1314 -44
1315 -32
1316 -28
1317 -26
1318 -22
1319 -14
1320 -14
1321 -4
1322 4
1323 16
1324 32
1325 12
1326 8
1327 16
1328 22
1329 24
1330 16
1331 12
1332 2
1333 14
1334 -2
1335 24
1336 16
1337 -6
1338 -4
1339 0
1340 -4
1341 -2
1342 6
1343 18
1344 12
1345 -2
1346 -16
1347 -6
1348 4
1349 24
1350 18
1351 38
1352 40
1353 36
1354 38
1355 28
1356 28
1357 24
1358 28
1359 44
1360 38
1361 34
1362 28
1363 -4
1364 -24
1365 -32
1366 -38
1367 -28
1368 -28
1369 -26
1370 -24
1371 -14
1372 -16
1373 -20
1374 -12
1375 -26
1376 -18
1377 -26
1378 -20
1379 -22
1380 -28
1381 -28
1382 -4
1383 -14
1384 -24
1385 -10
1386 -2
1387 -10
1388 -14
1389 -16
1390 -12
1391 -14
1392 12
1393 22
1394 16
1395 28
1396 22
1397 14
1398 -12
1399 -2
1400 -14
1401 -10
1402 -18
1403 -30
1404 -20
1405 -16
1406 -18
1407 -28
1408 -18
1409 -16
1410 -6
1411 -2
1412 6
1413 -6
1414 -14
1415 -18
1416 -20
1417 -2
1418 2
1419 4
1420 26
1421 38
1422 32
1423 50
1424 54
1425 78
1426 72
1427 78
1428 66
1429 44
1430 52
1431 54
1432 60
1433 64
1434 66
1435 76
1436 66
1437 66
1438 46
1439 50
1440 56
1441 64
1442 50
1443 58
1444 56
1445 58
1446 66
1447 74
1448 54
1449 56
1450 40
1451 20
1452 0
1453 16
1454 24
1455 32
1456 44
1457 24
1458 32
1459 16
1460 12
1461 16
1462 18
1463 18
1464 24
1465 24
1466 38
1467 50
1468 48
1469 40
1470 34
1471 26
1472 14
1473 6
1474 2
1475 18
1476 12
1477 18
1478 6
1479 -12
1480 -10
1481 -12
1482 4
1483 8
1484 8
1485 16
1486 6
1487 16
1488 16
1489 10
1490 10
1491 -8
1492 -2
1493 0
1494 2
1495 12
1496 12
1497 26
1498 24
1499 20
1500 32
1501 36
1502 20
1503 36
1504 34
1505 34
1506 30
1507 40
1508 46
1509 50
1510 46
1511 30
1512 36
1513 34
1514 26
1515 8
1516 18
1517 22
1518 22
1519 14
1520 24
1521 30
1522 32
1523 8
1524 22
1525 26
1526 36
1527 52
1528 38
1529 50
1530 60
1531 58
1532 64
1533 50
1534 54
1535 38
1536 34
1537 34
1538 32
1539 16
1540 32
1541 30
1542 40
1543 36
1544 26
1545 30
1546 38
1547 34
1548 36
1549 32
1550 20
1551 16
1552 0
1553 18
1554 30
1555 36
1556 18
1557 16
1558 6
1559 8
1560 2
1561 0
1562 2
1563 -16
1564 -8
1565 -16
1566 -12
1567 -18
1568 -28
1569 -10
1570 -6
1571 -14
1572 -40
1573 -36
1574 -26
1575 -18
1576 -26
1577 -30
1578 -22
1579 -26
1580 -24
1581 -24
1582 -32
1583 -22
1584 -36
1585 -26
1586 -30
1587 -26
1588 -10
1589 -24
1590 -18
1591 -4
1592 -12
1593 -18
1594 -16
1595 6
1596 0
1597 -12
1598 -6
1599 8
1600 8
1601 -8
1602 -22
1603 -14
1604 -16
1605 -24
1606 -36
1607 -28
1608 -30
1609 -38
1610 -44
1611 -30
1612 -22
1613 -12
1614 -28
1615 -32
1616 -32
1617 -36
1618 -10
1619 -8
1620 -12
1621 -20
1622 -32
1623 -6
1624 -18
1625 -2
1626 -4
1627 -4
1628 -14
1629 -28
1630 -20
1631 2
1632 4
1633 -2
1634 -16
1635 10
1636 -14
1637 -14
1638 10
1639 32
1640 36
1641 20
1642 12
1643 4
1644 -12
1645 -20
1646 -10
1647 -16
1648 -30
1649 -24
1650 -18
1651 -12
1652 0
1653 2
1654 -6
1655 -6
1656 8
1657 6
1658 -6
1659 8
1660 2
1661 -6
1662 -14
1663 -30
1664 2
1665 -6
1666 2
1667 -14
1668 -12
1669 -16
1670 -26
1671 -38
1672 -32
1673 -28
1674 -22
1675 -18
1676 -14
1677 -14
1678 0
1679 -20
1680 -10
1681 -8
1682 -14
1683 2
1684 -10
1685 -2
1686 12
1687 18
1688 8
1689 -20
1690 -4
1691 -24
1692 -30
1693 -52
1694 -36
1695 -24
1696 14
1697 14
1698 12
1699 4
1700 4
1701 0
1702 0
1703 -2
1704 -2
1705 10
1706 14
1707 4
1708 -24
1709 -28
1710 -22
1711 -8
1712 -28
1713 -4
1714 2
1715 8
1716 -18
1717 -38
1718 -12
1719 -8
1720 -12
1721 -18
1722 -28
1723 -30
1724 -22
1725 -16
1726 -10
1727 0
1728 -8
1729 14
1730 8
1731 20
1732 28
1733 28
1734 30
1735 40
1736 42
1737 40
1738 22
1739 12
1740 -12
1741 -24
1742 -20
1743 -26
1744 -36
1745 -52
1746 -38
1747 -32
1748 -16
1749 -10
1750 -16
1751 -18
1752 -22
1753 -18
1754 -16
1755 -12
1756 -4
1757 -16
1758 -24
1759 -54
1760 -50
1761 -40
1762 -40
1763 -46
1764 -48
1765 -36
1766 -28
1767 -36
1768 -32
1769 -20
1770 -12
1771 -18
1772 -12
1773 -12
1774 -4
1775 -14
1776 -22
1777 -22
1778 -14
1779 -18
1780 -6
1781 10
1782 10
1783 6
1784 18
1785 44
1786 28
1787 18
1788 20
1789 16
1790 -2
1791 22
1792 2
1793 14
1794 22
1795 26
1796 36
1797 28
1798 28
1799 28
1800 26
1801 26
1802 20
1803 2
1804 -4
1805 -10
1806 -22
1807 -24
1808 -18
1809 -18
1810 -24
1811 -8
1812 -14
1813 -4
1814 -10
1815 -16
1816 -26
1817 -22
1818 -8
1819 -8
1820 -34
1821 -50
1822 -46
1823 -56
1824 -48
1825 -46
1826 -34
1827 -40
1828 -18
1829 -26
1830 -40
1831 -28
1832 -38
1833 -38
1834 -46
1835 -48
1836 -34
1837 -40
1838 -38
1839 -38
1840 -42
1841 -24
1842 -18
1843 -6
1844 -6
1845 12
1846 4
1847 22
1848 14
1849 34
1850 48
1851 40
1852 40
1853 48
1854 38
1855 16
1856 22
1857 38
1858 42
1859 38
1860 48
1861 42
1862 24
1863 24
1864 14
1865 18
1866 4
1867 4
1868 6
1869 4
1870 -4
1871 -12
1872 -30
1873 -4
1874 12
1875 16
1876 -2
1877 -20
1878 -40
1879 -34
1880 -30
1881 -28
1882 -36
1883 -54
1884 -34
1885 -26
1886 -26
1887 -30
1888 -8
1889 -16
1890 -20
1891 -20
1892 -24
1893 -10
1894 8
1895 6
1896 -10
1897 -36
1898 -40
1899 -20
1900 -32
1901 -26
1902 -40
1903 -38
1904 -18
1905 -6
1906 -10
1907 -12
1908 -12
1909 -12
1910 -10
1911 -22
1912 -14
1913 -14
1914 -6
1915 -34
1916 -46
1917 -42
1918 -34
1919 -38
1920 -38
1921 -28
1922 -24
1923 -28
1924 -32
1925 -34
1926 -22
1927 -24
1928 -20
1929 -14
1930 -14
1931 -22
1932 -18
1933 -14
1934 -20
1935 -18
1936 -20
1937 -48
1938 -56
1939 -58
1940 -54
1941 -50
1942 -34
1943 -32
1944 -24
1945 -18
1946 -14
1947 -16
1948 -32
1949 -40
1950 -44
1951 -24
1952 -40
1953 -48
1954 -50
1955 -58
1956 -46
1957 -60
1958 -40
1959 -52
1960 -54
1961 -34
1962 -34
1963 -46
1964 -42
1965 -56
1966 -70
1967 -64
1968 -46
1969 -50
1970 -36
1971 -18
1972 -12
1973 -20
1974 -8
1975 -6
1976 -20
1977 -30
1978 -22
1979 -16
1980 -22
1981 -20
1982 2
1983 16
1984 28
1985 20
1986 -4
1987 0
1988 2
1989 -4
1990 -6
1991 -10
1992 -14
1993 -20
1994 -14
1995 -18
1996 -20
1997 -8
1998 -8
1999 -6
2000 -16
2001 -28
2002 -32
2003 -34
2004 -32
2005 -30
2006 -40
2007 -44
2008 -42
2009 -44
2010 -44
2011 -40
2012 -48
2013 -52
2014 -46
2015 -58
2016 -74
2017 -54
2018 -68
2019 -64
2020 -48
2021 -52
2022 -36
2023 -52
2024 -38
2025 -46
2026 -42
2027 -44
2028 -32
2029 -30
2030 -18
2031 -18
2032 -30
2033 -10
2034 -6
2035 0
2036 16
2037 14
2038 24
2039 12
2040 6
2041 12
2042 -10
2043 -2
2044 4
2045 20
2046 18
2047 30
2048 34
2049 30
2050 10
2051 14
2052 8
2053 -4
2054 -18
2055 -30
2056 -30
2057 -16
2058 -14
2059 -42
2060 -28
2061 -42
2062 -52
2063 -50
2064 -42
2065 -22
2066 -44
2067 -52
2068 -52
2069 -52
2070 -62
2071 -56
2072 -38
2073 -38
2074 -38
2075 -32
2076 -20
2077 -28
2078 -28
2079 -6
2080 -8
2081 -20
2082 -34
2083 -10
2084 -22
2085 -22
2086 -26
2087 -26
2088 -28
2089 -28
2090 -12
2091 -18
2092 -26
2093 -18
2094 -6
2095 2
2096 2
2097 12
2098 8
2099 0
2100 6
2101 2
2102 20
2103 22
2104 6
2105 -8
2106 -8
2107 -20
2108 -18
2109 -12
2110 -8
2111 -12
2112 -20
2113 -42
2114 -48
2115 -32
2116 -22
2117 -22
2118 -28
2119 -30
2120 -50
2121 -38
2122 -10
2123 -16
2124 -4
2125 0
2126 -2
2127 0
2128 2
2129 10
2130 -10
2131 -30
2132 -22
2133 -22
2134 -36
2135 -34
2136 -24
2137 -34
2138 -30
2139 -18
2140 -28
2141 -44
2142 -42
2143 -44
2144 -18
2145 -4
2146 -10
2147 2
2148 16
2149 28
2150 46
2151 36
2152 36
2153 44
2154 56
2155 60
2156 64
2157 46
2158 44
2159 32
2160 30
2161 46
2162 38
2163 40
2164 26
2165 20
2166 14
2167 -2
2168 14
2169 28
2170 30
2171 14
2172 18
2173 2
2174 0
2175 -2
2176 8
2177 -4
2178 -18
2179 -22
2180 -42
2181 -22
2182 -36
2183 -32
2184 -36
2185 -8
2186 -10
2187 -18
2188 -18
2189 -30
2190 -44
2191 -24
2192 -16
2193 -24
2194 -20
2195 -12
2196 -6
2197 2
2198 16
2199 12
2200 16
2201 12
2202 -2
2203 8
2204 8
2205 -4
2206 -10
2207 2
2208 2
2209 -8
2210 -2
2211 -4
2212 -12
2213 -10
2214 0
2215 -2
2216 -4
2217 -2
2218 10
2219 6
2220 10
2221 22
2222 28
2223 12
2224 14
2225 0
2226 2
2227 0
2228 -4
2229 -20
2230 -18
2231 -22
2232 -18
2233 -2
2234 6
2235 14
2236 -2
2237 0
2238 8
2239 6
2240 10
2241 6
2242 40
2243 36
2244 44
2245 60
2246 46
2247 42
2248 40
2249 32
2250 32
2251 16
2252 8
2253 6
2254 -4
2255 0
2256 0
2257 6
2258 -18
2259 -34
2260 -10
2261 -12
2262 -8
2263 -4
2264 -20
2265 -26
2266 -26
2267 -42
2268 -50
2269 -46
2270 -32
2271 -22
2272 -28
2273 -18
2274 -28
2275 -36
2276 -28
2277 -42
2278 -56
2279 -42
2280 -40
2281 -38
2282 -32
2283 -26
2284 -44
2285 -40
2286 -28
2287 -28
2288 -14
2289 -14
2290 0
2291 -2
2292 -2
2293 6
2294 -8
2295 8
2296 24
2297 28
2298 16
2299 20
2300 20
2301 28
2302 22
2303 22
2304 38
2305 44
2306 44
2307 44
2308 50
2309 38
2310 34
2311 22
2312 16
2313 22
2314 8
2315 8
2316 22
2317 18
2318 26
2319 44
2320 32
2321 44
2322 40
2323 26
2324 30
2325 6
2326 -2
2327 -12
2328 -4
2329 6
2330 4
2331 -14
2332 -10
2333 -18
2334 -6
2335 16
2336 18
2337 -2
2338 -12
2339 -14
2340 -12
2341 -20
2342 0
2343 6
2344 18
2345 8
2346 4
2347 8
2348 8
2349 20
2350 32
2351 22
2352 6
2353 8
2354 10
2355 -2
2356 2
2357 -10
2358 -26
2359 -26
2360 -26
2361 -14
2362 0
2363 -22
2364 -24
2365 -8
2366 -18
2367 -22
2368 -32
2369 -22
2370 -2
2371 10
2372 2
2373 -14
2374 -16
2375 10
2376 -2
2377 6
2378 18
2379 -8
2380 -4
2381 -16
2382 -12
2383 -4
2384 -10
2385 -2
2386 -8
2387 -12
2388 -12
2389 -16
2390 6
2391 14
2392 10
2393 6
2394 22
2395 30
2396 30
2397 32
2398 32
2399 14
2400 14
2401 10
2402 -16
2403 -36
2404 -32
2405 -34
2406 -24
2407 -18
2408 4
2409 -18
2410 -18
2411 -16
2412 -28
2413 -28
2414 -34
2415 -10
2416 -4
2417 2
2418 4
2419 0
2420 -16
2421 -6
2422 8
2423 -2
2424 2
2425 -8
2426 8
2427 -2
2428 6
2429 10
2430 -8
2431 -8
2432 -16
2433 -8
2434 -12
2435 -8
2436 -12
2437 -18
2438 -26
2439 -18
2440 -22
2441 -18
2442 -16
2443 -12
2444 -2
2445 -16
2446 -20
2447 -36
2448 -32
2449 -28
2450 -14
2451 -22
2452 -30
2453 -30
2454 -34
2455 -26
2456 -30
2457 -36
2458 -50
2459 -34
2460 -28
2461 -24
2462 -32
2463 -54
2464 -50
2465 -50
2466 -48
2467 -34
2468 -30
2469 -18
2470 -24
2471 -22
2472 -20
2473 -20
2474 -10
2475 -12
2476 -12
2477 -10
2478 -22
2479 -14
2480 -14
2481 -28
2482 -30
2483 -54
2484 -56
2485 -58
2486 -58
2487 -58
2488 -68
2489 -64
2490 -58
2491 -60
2492 -42
2493 -26
2494 -26
2495 -14
2496 -16
2497 6
2498 4
2499 16
2500 22
2501 10
2502 2
2503 0
2504 18
2505 -6
2506 2
2507 -6
2508 -6
2509 4
2510 20
2511 46
2512 32
2513 34
2514 34
2515 28
2516 24
2517 32
2518 48
2519 42
2520 46
2521 50
2522 42
2523 36
2524 26
2525 12
2526 12
2527 24
2528 18
2529 10
2530 10
2531 -2
2532 4
2533 4
2534 2
2535 8
2536 12
2537 -2
2538 10
2539 4
2540 16
2541 24
2542 20
2543 28
2544 32
2545 18
2546 0
2547 -4
2548 4
2549 -4
2550 -12
2551 0
2552 -6
2553 -10
2554 12
2555 -2
2556 26
2557 26
2558 40
2559 22
2560 34
2561 22
2562 14
2563 8
2564 22
2565 30
2566 22
2567 22
2568 10
2569 12
2570 -2
2571 -12
2572 -10
2573 -6
2574 -10
2575 -14
2576 -14
2577 -6
2578 -8
2579 0
2580 10
2581 4
2582 0
2583 8
2584 6
2585 20
2586 30
2587 42
2588 38
2589 50
2590 62
2591 54
2592 42
2593 52
2594 42
2595 34
2596 38
2597 32
2598 30
2599 38
2600 36
2601 40
2602 46
2603 42
2604 28
2605 30
2606 22
2607 40
2608 50
2609 36
2610 26
2611 22
2612 32
2613 16
2614 0
2615 16
2616 12
2617 14
2618 -4
2619 0
2620 4
2621 10
2622 14
2623 -12
2624 -14
2625 -2
2626 -16
2627 -8
2628 -12
2629 -12
2630 -26
2631 -14
2632 -28
2633 -24
2634 -14
2635 -10
2636 6
2637 -22
2638 -34
2639 -24
2640 -26
2641 -10
2642 -6
2643 -10
2644 6
2645 -6
2646 14
2647 4
2648 14
2649 22
2650 18
2651 6
2652 -2
2653 16
2654 4
2655 6
2656 22
2657 10
2658 -8
2659 20
2660 20
2661 28
2662 32
2663 18
2664 10
2665 6
2666 8
2667 16
2668 0
2669 0
2670 -2
2671 -14
2672 6
2673 -18
2674 -6
2675 4
2676 0
2677 2
2678 2
2679 -24
2680 -14
2681 -12
2682 -32
2683 -26
2684 -30
2685 -26
2686 8
2687 24
2688 16
2689 14
2690 10
2691 16
2692 14
2693 8
2694 10
2695 -10
2696 -18
2697 -22
2698 -26
2699 -24
2700 -2
2701 -10
2702 -4
2703 20
2704 32
2705 18
2706 44
2707 16
2708 12
2709 20
2710 28
2711 30
2712 42
2713 24
2714 18
2715 36
2716 42
2717 38
2718 52
2719 50
2720 54
2721 70
2722 54
2723 40
2724 48
2725 48
2726 42
2727 42
2728 36
2729 40
2730 38
2731 36
2732 44
2733 58
2734 54
2735 54
2736 48
2737 54
2738 50
2739 30
2740 32
2741 22
2742 26
2743 16
2744 6
2745 2
2746 8
2747 8
2748 6
2749 22
2750 26
2751 40
2752 56
2753 54
2754 42
2755 64
2756 62
2757 38
2758 32
2759 16
2760 4
2761 -2
2762 -14
2763 8
2764 6
2765 -6
2766 -10
2767 -18
2768 -40
2769 -50
2770 -38
2771 -52
2772 -32
2773 -32
2774 -28
2775 -38
2776 -54
2777 -36
2778 -44
2779 -40
2780 -56
2781 -52
2782 -54
2783 -64
2784 -52
2785 -60
2786 -54
2787 -38
2788 -40
2789 -44
2790 -48
2791 -28
2792 -20
2793 -12
2794 -10
2795 -16
2796 -20
2797 -14
2798 2
2799 14
2800 10
2801 4
2802 10
2803 12
2804 24
2805 14
2806 28
2807 22
2808 12
2809 4
2810 0
2811 -4
2812 10
2813 -4
2814 10
2815 22
2816 2
2817 2
2818 -26
2819 -34
2820 -36
2821 -38
2822 -22
2823 -8
2824 -8
2825 6
2826 2
2827 -14
2828 -20
2829 -22
2830 -22
2831 -20
2832 4
2833 16
2834 24
2835 20
2836 26
2837 34
2838 26
2839 20
2840 0
2841 -16
2842 0
2843 -4
2844 -6
2845 8
2846 -2
2847 8
2848 2
2849 -6
2850 4
2851 16
2852 -8
2853 4
2854 6
2855 12
2856 18
2857 24
2858 8
2859 0
2860 -10
2861 -22
2862 -12
2863 -20
2864 -24
2865 -24
2866 -32
2867 -30
2868 -36
2869 -52
2870 -62
2871 -58
2872 -62
2873 -48
2874 -52
2875 -46
2876 -68
2877 -48
2878 -36
2879 -16
2880 -14
2881 -2
2882 -16
2883 -18
2884 -30
2885 -26
2886 -22
2887 -18
2888 -38
2889 -28
2890 -24
2891 -24
2892 -30
2893 -36
2894 -28
2895 -28
2896 -30
2897 -26
2898 -14
2899 -6
2900 -4
2901 -24
2902 -32
2903 -40
2904 -34
2905 -28
2906 -26
2907 -16
2908 -34
2909 -28
2910 -30
2911 -22
2912 -18
2913 -16
2914 -20
2915 -12
2916 -2
2917 -14
2918 -8
2919 -10
2920 -8
2921 12
2922 8
2923 22
2924 22
2925 24
2926 22
2927 34
2928 18
2929 16
2930 -20
2931 -26
2932 -14
2933 2
2934 0
2935 12
2936 12
2937 12
2938 8
2939 -6
2940 -10
2941 0
2942 12
2943 14
2944 24
2945 20
2946 8
2947 -4
2948 8
2949 10
2950 22
2951 26
2952 26
2953 22
2954 -2
2955 0
2956 -6
2957 2
2958 2
2959 -4
2960 -10
2961 -16
2962 -22
2963 -20
2964 0
2965 -2
2966 10
2967 22
2968 20
2969 18
2970 20
2971 -2
2972 -10
2973 -22
2974 -6
2975 -20
2976 -10
2977 -10
2978 0
2979 -4
2980 -6
2981 -20
2982 -28
2983 -12
2984 -12
2985 -8
2986 8
2987 14
2988 22
2989 12
2990 12
2991 10
2992 8
2993 12
2994 14
2995 10
2996 14
2997 -6
2998 8
2999 2
3000 14
3001 12
3002 -2
3003 2
3004 -12
3005 -2
3006 6
3007 24
3008 26
3009 18
3010 22
3011 22
3012 32
3013 48
3014 26
3015 16
3016 20
3017 -4
3018 -24
3019 -32
3020 -34
3021 -36
3022 -34
3023 -24
3024 -12
3025 -14
3026 -16
3027 -34
3028 -30
3029 -46
3030 -42
3031 -20
3032 -26
3033 -24
3034 -38
3035 -38
3036 -32
3037 -40
3038 -62
3039 -66
3040 -70
3041 -68
3042 -76
3043 -76
3044 -72
3045 -58
3046 -36
3047 -40
3048 -34
3049 -44
3050 -48
3051 -40
3052 -28
3053 -34
3054 -26
3055 -20
3056 -8
3057 6
3058 0
3059 -30
3060 -32
3061 -56
3062 -50
3063 -40
3064 -48
3065 -64
3066 -60
3067 -46
3068 -46
3069 -26
3070 -36
3071 -48
3072 -36
3073 -50
3074 -58
3075 -58
3076 -50
3077 -54
3078 -36
3079 -40
3080 -38
3081 -42
3082 -42
3083 -26
3084 -26
3085 -30
3086 -24
3087 -14
3088 -24
3089 -24
3090 -26
3091 -28
3092 -20
3093 -22
3094 -18
3095 -22
3096 -14
3097 -18
3098 -6
3099 -2
3100 -16
3101 -22
3102 -30
3103 -12
3104 -10
3105 -2
3106 -8
3107 -16
3108 -40
3109 -38
3110 -36
3111 -22
3112 -22
3113 -20
3114 -18
3115 -8
3116 -2
3117 10
3118 22
3119 28
3120 16
3121 26
3122 18
3123 16
3124 16
3125 20
3126 20
3127 20
3128 26
3129 26
3130 14
3131 10
3132 14
3133 6
3134 -4
3135 14
3136 -8
3137 0
3138 -2
3139 -4
3140 6
3141 2
3142 8
3143 2
3144 -10
3145 -10
3146 -26
3147 -28
3148 -12
3149 -14
3150 -2
3151 -10
3152 12
3153 20
3154 16
3155 12
3156 8
3157 0
3158 -12
3159 -2
3160 12
3161 8
3162 -6
3163 -2
3164 -10
3165 -6
3166 -6
3167 -4
3168 -4
3169 -12
3170 -6
3171 8
3172 -22
3173 -28
3174 -38
3175 -46
3176 -46
3177 -30
3178 -42
3179 -44
3180 -40
3181 -38
3182 -62
3183 -46
3184 -60
3185 -68
3186 -66
3187 -62
3188 -68
3189 -46
3190 -46
3191 -52
3192 -56
3193 -50
3194 -54
3195 -66
3196 -50
3197 -52
3198 -34
3199 -26
3200 -26
3201 -38
3202 -20
3203 -6
3204 -8
3205 -2
3206 -6
3207 -20
3208 -22
3209 -24
3210 -4
3211 0
3212 2
3213 -6
3214 -30
3215 -22
3216 -20
3217 -26
3218 -18
3219 -14
3220 10
3221 22
3222 14
3223 -2
3224 14
3225 10
3226 -2
3227 14
3228 10
3229 42
3230 16
3231 2
3232 16
3233 22
3234 28
3235 36
3236 52
3237 58
3238 38
3239 46
3240 46
3241 36
3242 42
3243 48
3244 52
3245 50
3246 52
3247 52
3248 34
3249 32
3250 24
3251 26
3252 32
3253 32
3254 44
3255 38
3256 28
3257 38
3258 40
3259 30
3260 36
3261 48
3262 24
3263 30
3264 24
3265 46
3266 50
3267 52
3268 28
3269 14
3270 4
3271 2
3272 -14
3273 0
3274 -6
3275 6
3276 20
3277 20
3278 12
3279 0
3280 0
3281 0
3282 8
3283 4
3284 -12
3285 -2
3286 6
3287 20
3288 26
3289 34
3290 34
3291 50
3292 44
3293 48
3294 44
3295 50
3296 36
3297 40
3298 26
3299 42
3300 34
3301 34
3302 34
3303 50
3304 54
3305 50
3306 36
3307 48
3308 40
3309 30
3310 32
3311 36
3312 46
3313 48
3314 52
3315 50
3316 56
3317 54
3318 50
3319 40
3320 28
3321 30
3322 40
3323 38
3324 32
3325 26
3326 20
3327 6
3328 4
3329 6
3330 -16
3331 -18
3332 -12
3333 0
3334 14
3335 8
3336 28
3337 28
3338 24
3339 46
3340 60
3341 52
3342 54
3343 48
3344 66
3345 50
3346 60
3347 46
3348 60
3349 42
3350 32
3351 18
3352 22
3353 34
3354 40
3355 40
3356 50
3357 40
3358 40
3359 28
3360 18
3361 18
3362 -2
3363 -12
3364 -20
3365 -26
3366 -10
3367 -16
3368 -16
3369 4
3370 8
3371 10
3372 22
3373 14
3374 8
3375 16
3376 14
3377 10
3378 14
3379 -6
3380 -10
3381 -16
3382 2
3383 10
3384 -4
3385 -6
3386 -22
3387 -28
3388 -30
3389 -32
3390 -30
3391 -36
3392 -28
3393 -32
3394 -40
3395 -36
3396 -30
3397 -20
3398 -12
3399 -4
3400 -18
3401 12
3402 28
3403 48
3404 58
3405 42
3406 46
3407 32
3408 28
3409 16
3410 4
3411 12
3412 4
3413 10
3414 -8
3415 -8
3416 2
3417 -6
3418 -22
3419 -26
3420 -10
3421 -16
3422 -12
3423 -4
3424 8
3425 12
3426 6
3427 22
3428 14
3429 4
3430 -8
3431 -12
3432 -14
3433 -16
3434 -20
3435 -10
3436 -30
3437 -20
3438 -6
3439 -6
3440 2
3441 8
3442 -6
3443 12
3444 18
3445 -10
3446 -16
3447 4
3448 -2
3449 -2
3450 -8
3451 -4
3452 0
3453 -14
3454 -14
3455 -16
3456 -22
3457 -30
3458 -30
3459 -40
3460 -40
3461 -34
3462 -34
3463 -16
3464 -20
3465 -24
3466 -14
3467 -14
3468 -30
3469 -46
3470 -50
3471 -34
3472 -34
3473 -26
3474 -18
3475 -18
3476 -28
3477 -44
3478 -44
3479 -18
3480 -6
3481 -6
3482 16
3483 6
3484 -10
3485 -10
3486 8
3487 6
3488 20
3489 22
3490 16
3491 20
3492 16
3493 12
3494 6
3495 18
3496 8
3497 12
3498 6
3499 10
3500 26
3501 34
3502 34
3503 22
3504 40
3505 24
3506 24
3507 32
3508 26
3509 30
3510 18
3511 -2
3512 -6
3513 10
3514 42
3515 52
3516 16
3517 4
3518 14
3519 30
3520 36
3521 12
3522 18
3523 16
3524 6
3525 20
3526 32
3527 38
3528 36
3529 38
3530 38
3531 42
3532 56
3533 66
3534 48
3535 50
3536 58
3537 30
3538 42
3539 32
3540 38
3541 28
3542 26
3543 26
3544 44
3545 48
3546 34
3547 36
3548 6
3549 12
3550 12
3551 30
3552 14
3553 34
3554 44
3555 20
3556 12
3557 12
3558 8
3559 2
3560 16
3561 28
3562 20
3563 14
3564 36
3565 22
3566 10
3567 2
3568 26
3569 10
3570 16
3571 -10
3572 -30
3573 -18
3574 -10
3575 -26
3576 -36
3577 -32
3578 -28
3579 -24
3580 -30
3581 -40
3582 -30
3583 -38
3584 -60
3585 -56
3586 -56
3587 -68
3588 -50
3589 -58
3590 -44
3591 -38
3592 -46
3593 -54
3594 -50
3595 -42
3596 -30
3597 -20
3598 -18
3599 -6
3600 -16
3601 -4
3602 10
3603 18
3604 12
3605 16
3606 6
3607 24
3608 10
3609 14
3610 12
3611 24
3612 26
3613 24
3614 20
3615 24
3616 28
3617 36
3618 32
3619 34
3620 56
3621 42
3622 20
3623 16
3624 0
3625 -24
3626 -24
3627 -26
3628 -26
3629 -16
3630 -32
3631 -32
3632 -32
3633 -40
3634 -44
3635 -40
3636 -36
3637 -28
3638 -28
3639 -20
3640 -8
3641 -18
3642 -6
3643 4
3644 12
3645 4
3646 18
3647 24
3648 18
3649 26
3650 2
3651 6
3652 -6
3653 -6
3654 22
3655 12
3656 14
3657 20
3658 32
3659 30
3660 18
3661 32
3662 32
3663 42
3664 34
3665 24
3666 6
3667 18
3668 10
3669 2
3670 -2
3671 6
3672 12
3673 10
3674 8
3675 -12
3676 -10
3677 -20
3678 -8
3679 -2
3680 -4
3681 0
3682 -8
3683 -16
3684 -8
3685 -24
3686 0
3687 18
3688 40
3689 44
3690 26
3691 12
3692 -14
3693 -10
3694 -30
3695 -16
3696 -46
3697 -28
3698 -16
3699 -12
3700 -14
3701 -26
3702 -10
3703 0
3704 2
3705 -8
3706 -24
3707 -24
3708 -20
3709 -10
3710 -18
3711 -20
3712 -14
3713 -22
3714 -2
3715 12
3716 24
3717 36
3718 34
3719 30
3720 22
3721 12
3722 14
3723 16
3724 14
3725 2
3726 -10
3727 2
3728 18
3729 -4
3730 0
3731 -8
3732 0
3733 0
3734 -20
3735 -2
3736 -10
3737 2
3738 10
3739 0
3740 4
3741 8
3742 8
3743 -2
3744 8
3745 8
3746 4
3747 -12
3748 -16
3749 -18
3750 -36
3751 -20
3752 -32
3753 -32
3754 -30
3755 -30
3756 -26
3757 -40
3758 -36
3759 -28
3760 -30
3761 -36
3762 -26
3763 -38
3764 -24
3765 -16
3766 -38
3767 -30
3768 -22
3769 -14
3770 -26
3771 -34
3772 -30
3773 -22
3774 -34
3775 -36
3776 -40
3777 -44
3778 -48
3779 -32
3780 -52
3781 -60
3782 -82
3783 -72
3784 -68
3785 -64
3786 -42
3787 -40
3788 -20
3789 -20
3790 -6
3791 2
3792 -18
3793 -14
3794 -38
3795 -36
3796 -44
3797 -34
3798 -28
3799 -24
3800 -34
3801 -22
3802 -20
3803 -10
3804 -18
3805 -18
3806 -24
3807 -28
3808 -28
3809 -30
3810 -22
3811 -26
3812 -52
3813 -52
3814 -60
3815 -40
3816 -44
3817 -46
3818 -44
3819 -52
3820 -44
3821 -38
3822 -36
3823 -30
3824 -36
3825 -26
3826 -36
3827 -50
3828 -44
3829 -38
3830 -50
3831 -70
3832 -82
3833 -80
3834 -72
3835 -60
3836 -60
3837 -78
3838 -70
3839 -68
3840 -74
3841 -62
3842 -36
3843 -42
3844 -26
3845 -26
3846 -26
3847 -6
3848 -10
3849 -32
3850 -28
3851 -22
3852 -12
3853 10
3854 2
3855 -12
3856 -36
3857 -28
3858 -20
3859 -16
3860 -12
3861 -10
3862 4
3863 4
3864 -4
3865 10
3866 12
3867 32
3868 24
3869 14
3870 8
3871 10
3872 12
3873 2
3874 8
3875 14
3876 30
3877 18
3878 30
3879 28
3880 16
3881 16
3882 -6
3883 -22
3884 0
3885 10
3886 6
3887 10
3888 -8
3889 12
3890 24
3891 22
3892 34
3893 22
3894 26
3895 18
3896 10
3897 8
3898 0
3899 0
3900 -8
3901 -2
3902 -22
3903 -32
3904 -18
3905 -30
3906 -42
3907 -26
3908 -24
3909 -24
3910 -14
3911 -12
3912 -14
3913 -22
3914 -28
3915 -42
3916 -22
3917 -24
3918 -30
3919 -30
3920 -40
3921 -34
3922 -30
3923 -20
3924 -24
3925 -26
3926 -36
3927 -32
3928 -30
3929 -18
3930 -6
3931 6
3932 -10
3933 -12
3934 4
3935 -8
3936 -4
3937 -6
3938 6
3939 0
3940 0
3941 -6
3942 -10
3943 -26
3944 -26
3945 -22
3946 -24
3947 -24
3948 0
3949 -6
3950 -10
3951 -12
3952 -28
3953 -14
3954 -16
3955 -30
3956 -16
3957 -14
3958 -18
3959 -12
3960 -12
3961 -14
3962 -18
3963 -24
3964 -8
3965 -16
3966 -20
3967 -22
3968 -32
3969 -24
3970 -24
3971 -32
3972 -24
3973 -24
3974 -28
3975 -28
3976 -28
3977 -24
3978 -36
3979 -34
3980 -14
3981 -14
3982 -10
3983 -6
3984 -18
3985 -20
3986 -16
3987 -28
3988 -14
3989 -6
3990 -2
3991 2
3992 4
3993 0
3994 -12
3995 0
3996 -4
3997 14
3998 8
3999 -6
4000 -30
4001 -28
4002 -32
4003 -28
4004 -22
4005 2
4006 16
4007 14
4008 20
4009 18
4010 24
4011 26
4012 30
4013 14
4014 18
4015 -2
4016 -28
4017 -26
4018 -18
4019 -18
4020 -26
4021 -38
4022 -34
4023 -56
4024 -46
4025 -56
4026 -56
4027 -30
4028 -28
4029 -32
4030 -42
4031 -42
4032 -56
4033 -46
4034 -40
4035 -50
4036 -56
4037 -50
4038 -34
4039 -44
4040 -38
4041 -18
4042 -22
4043 -20
4044 -18
4045 -8
4046 -8
4047 -20
4048 -12
4049 -28
4050 -22
4051 -32
4052 -20
4053 -24
4054 -14
4055 -22
4056 -20
4057 -34
4058 -42
4059 -36
4060 -22
4061 -24
4062 -18
4063 4
4064 14
4065 10
4066 -6
4067 0
4068 10
4069 0
4070 6
4071 -2
4072 2
4073 -24
4074 -6
4075 2
4076 -8
4077 -18
4078 -10
4079 0
4080 -4
4081 -4
4082 6
4083 4
4084 -8
4085 -4
4086 8
4087 -2
4088 14
4089 22
4090 14
4091 -8
4092 12
4093 16
4094 20
4095 2
4096 -6
4097 -14
4098 -28
4099 -18
4100 -12
4101 -20
4102 -8
4103 8
4104 -6
4105 -10
4106 -4
4107 0
4108 18
4109 28
4110 24
4111 22
4112 2
4113 18
4114 26
4115 30
4116 24
4117 20
4118 20
4119 6
4120 18
4121 18
4122 28
4123 10
4124 -2
4125 -20
4126 -32
4127 -52
4128 -30
4129 -28
4130 -22
4131 -4
4132 12
4133 6
4134 -6
4135 0
4136 0
4137 -8
4138 -2
4139 14
4140 16
4141 28
4142 42
4143 56
4144 54
4145 50
4146 56
4147 50
4148 22
4149 6
4150 12
4151 26
4152 36
4153 32
4154 52
4155 48
4156 26
4157 18
4158 22
4159 24
4160 30
4161 28
4162 32
4163 40
4164 40
4165 26
4166 32
4167 22
4168 28
4169 26
4170 12
4171 8
4172 18
4173 10
4174 -14
4175 -4
4176 -8
4177 -16
4178 -12
4179 -16
4180 -16
4181 -38
4182 -32
4183 -28
4184 -42
4185 -42
4186 -22
4187 -14
4188 -14
4189 -14
4190 -16
4191 4
4192 0
4193 4
4194 2
4195 -10
4196 -14
4197 -26
4198 -44
4199 -56
4200 -70
4201 -62
4202 -54
4203 -50
4204 -58
4205 -54
4206 -44
4207 -54
4208 -48
4209 -22
4210 -20
4211 -34
4212 -16
4213 -26
4214 -10
4215 16
4216 28
4217 46
4218 42
4219 26
4220 26
4221 2
4222 -2
4223 -2
4224 -22
4225 -14
4226 -12
4227 4
4228 10
4229 6
4230 -6
4231 -20
4232 -10
4233 -10
4234 -16
4235 -4
4236 -4
4237 -14
4238 -10
4239 -12
4240 2
4241 8
4242 4
4243 12
4244 2
4245 10
4246 6
4247 0
4248 6
4249 16
4250 12
4251 8
4252 20
4253 30
4254 28
4255 24
4256 20
4257 14
4258 16
4259 6
4260 12
4261 30
4262 38
4263 30
4264 -2
4265 -2
4266 -2
4267 -8
4268 -40
4269 -48
4270 -38
4271 -20
4272 -10
4273 -32
4274 -28
4275 -34
4276 -16
4277 -20
4278 -34
4279 -22
4280 -22
4281 -18
4282 -20
4283 -24
4284 -14
4285 -10
4286 -8
4287 2
4288 -2
4289 -24
4290 -22
4291 -16
4292 -22
4293 -34
4294 -24
4295 0
4296 0
4297 -4
4298 -10
4299 2
4300 4
4301 10
4302 -4
4303 -10
4304 2
4305 12
4306 20
4307 -12
4308 -16
4309 -10
4310 -10
4311 -6
4312 0
4313 0
4314 -8
4315 -8
4316 -14
4317 -20
4318 -18
4319 -4
4320 4
4321 8
4322 -4
4323 -4
4324 2
4325 -6
4326 -22
4327 -26
4328 -32
4329 -32
4330 -40
4331 -44
4332 -52
4333 -52
4334 -44
4335 -50
4336 -36
4337 -16
4338 -8
4339 -20
4340 -34
4341 -16
4342 -24
4343 -14
4344 -22
4345 -24
4346 -26
4347 -34
4348 -20
4349 -6
4350 -16
4351 -8
4352 -2
4353 -28
4354 -26
4355 -32
4356 -26
4357 -14
4358 -8
4359 20
4360 24
4361 26
4362 28
4363 20
4364 24
4365 38
4366 34
4367 28
4368 22
4369 18
4370 10
4371 -6
4372 -4
4373 -4
4374 -8
4375 -22
4376 -42
4377 -60
4378 -44
4379 -38
4380 -44
4381 -48
4382 -48
4383 -64
4384 -82
4385 -82
4386 -82
4387 -58
4388 -58
4389 -62
4390 -46
4391 -44
4392 -36
4393 -20
4394 -12
4395 -24
4396 -16
4397 -8
4398 -4
4399 -6
4400 -4
4401 8
4402 6
4403 -12
4404 -4
4405 2
4406 -2
4407 -2
4408 -6
4409 0
4410 -10
4411 0
4412 -4
4413 0
4414 20
4415 20
4416 10
4417 24
4418 26
4419 4
4420 -6
4421 -10
4422 -26
4423 -40
4424 -24
4425 -2
4426 2
4427 0
4428 -14
4429 6
4430 8
4431 8
4432 28
4433 38
4434 30
4435 32
4436 14
4437 16
4438 4
4439 10
4440 22
4441 24
4442 22
4443 22
4444 20
4445 24
4446 40
4447 28
4448 24
4449 0
4450 -6
4451 6
4452 16
4453 34
4454 42
4455 22
4456 50
4457 46
4458 62
4459 50
4460 62
4461 70
4462 68
4463 92
4464 82
4465 80
4466 58
4467 76
4468 70
4469 80
4470 66
4471 78
4472 66
4473 84
4474 90
4475 100
4476 92
4477 96
4478 98
4479 84
4480 106
4481 82
4482 80
4483 56
4484 58
4485 56
4486 44
4487 36
4488 34
4489 30
4490 30
4491 40
4492 54
4493 56
4494 54
4495 28
4496 18
4497 8
4498 -10
4499 0
4500 0
4501 -28
4502 -42
4503 -28
4504 -22
4505 -8
4506 -2
4507 6
4508 14
4509 8
4510 8
4511 12
4512 20
4513 20
4514 18
4515 34
4516 14
4517 20
4518 26
4519 40
4520 42
4521 40
4522 32
4523 48
4524 50
4525 46
4526 40
4527 38
4528 40
4529 30
4530 52
4531 38
4532 30
4533 22
4534 18
4535 -2
4536 14
4537 10
4538 20
4539 12
4540 14
4541 14
4542 24
4543 34
4544 32
4545 40
4546 34
4547 32
4548 22
4549 10
4550 12
4551 12
4552 4
4553 -2
4554 -14
4555 -34
4556 -44
4557 -56
4558 -54
4559 -44
4560 -40
4561 -14
4562 -2
4563 -16
4564 -12
4565 -24
4566 -28
4567 -2
4568 4
4569 16
4570 12
4571 22
4572 2
4573 -4
4574 6
4575 4
4576 6
4577 16
4578 28
4579 36
4580 52
4581 20
4582 32
4583 30
4584 10
4585 12
4586 12
4587 8
4588 -12
4589 -30
4590 -42
4591 -58
4592 -64
4593 -68
4594 -64
4595 -54
4596 -68
4597 -62
4598 -48
4599 -58
4600 -54
4601 -30
4602 -36
4603 -42
4604 -50
4605 -40
4606 -30
4607 -26
4608 -26
4609 -24
4610 -24
4611 -26
4612 -20
4613 -16
4614 -16
4615 -16
4616 -32
4617 -22
4618 -20
4619 -18
4620 -18
4621 -18
4622 12
4623 20
4624 12
4625 10
4626 12
4627 16
4628 32
4629 26
4630 6
4631 -10
4632 -12
4633 2
4634 14
4635 -2
4636 -2
4637 2
4638 12
4639 30
4640 12
4641 8
4642 10
4643 6
4644 12
4645 8
4646 0
4647 -8
4648 -12
4649 -26
4650 -28
4651 -20
4652 -6
4653 -20
4654 -20
4655 -22
4656 -22
4657 -42
4658 -36
4659 -32
4660 -38
4661 -38
4662 -28
4663 -12
4664 -16
4665 16
4666 10
4667 12
4668 2
4669 12
4670 10
4671 -8
4672 8
4673 24
4674 14
4675 -18
4676 -6
4677 -6
4678 -2
4679 4
4680 14
4681 18
4682 20
4683 24
4684 20
4685 26
4686 6
4687 2
4688 -18
4689 -6
4690 -26
4691 -40
4692 -42
4693 -40
4694 -50
4695 -46
4696 -54
4697 -62
4698 -58
4699 -56
4700 -54
4701 -44
4702 -24
4703 -18
4704 -8
4705 8
4706 10
4707 22
4708 22
4709 14
4710 18
4711 36
4712 28
4713 32
4714 32
4715 36
4716 32
4717 14
4718 18
4719 42
4720 36
4721 32
4722 22
4723 4
4724 -2
4725 -16
4726 -20
4727 -34
4728 -40
4729 -50
4730 -48
4731 -22
4732 -36
4733 -40
4734 -32
4735 -56
4736 -52
4737 -64
4738 -54
4739 -50
4740 -50
4741 -62
4742 -72
4743 -62
4744 -60
4745 -76
4746 -64
4747 -46
4748 -44
4749 -68
4750 -76
4751 -68
4752 -70
4753 -50
4754 -58
4755 -44
4756 -52
4757 -22
4758 -22
4759 -24
4760 -36
4761 -42
4762 -38
4763 -50
4764 -34
4765 -42
4766 -60
4767 -54
4768 -44
4769 -22
4770 -32
4771 -32
4772 -44
4773 -52
4774 -72
4775 -74
4776 -46
4777 -44
4778 -42
4779 -50
4780 -54
4781 -62
4782 -38
4783 -34
4784 -28
4785 -28
4786 -22
4787 -48
4788 -46
4789 -52
4790 -48
4791 -52
4792 -50
4793 -52
4794 -46
4795 -46
4796 -26
4797 -26
4798 -14
4799 2
4800 0
4801 8
4802 24
4803 32
4804 26
4805 24
4806 10
4807 -4
4808 0
4809 42
4810 4
4811 14
4812 22
4813 8
4814 20
4815 24
4816 12
4817 22
4818 28
4819 18
4820 18
4821 26
4822 14
4823 20
4824 10
4825 -6
4826 -6
4827 0
4828 12
4829 16
4830 26
4831 28
4832 8
4833 12
4834 14
4835 12
4836 14
4837 24
4838 32
4839 42
4840 24
4841 14
4842 22
4843 20
4844 16
4845 10
4846 12
4847 14
4848 16
4849 30
4850 14
4851 18
4852 18
4853 10
4854 6
4855 -8
4856 -12
4857 8
4858 0
4859 4
4860 16
4861 -2
4862 -10
4863 -10
4864 -12
4865 -4
4866 -4
4867 6
4868 28
4869 24
4870 14
4871 20
4872 10
4873 24
4874 24
4875 40
4876 28
4877 32
4878 30
4879 26
4880 30
4881 40
4882 36
4883 34
4884 10
4885 16
4886 16
4887 14
4888 0
4889 10
4890 20
4891 14
4892 -6
4893 -8
4894 -12
4895 -18
4896 -12
4897 18
4898 8
4899 10
4900 -6
4901 -12
4902 -32
4903 -32
4904 -24
4905 -10
4906 -10
4907 6
4908 0
4909 8
4910 4
4911 14
4912 4
4913 2
4914 0
4915 -4
4916 14
4917 -4
4918 -12
4919 -2
4920 -2
4921 8
4922 24
4923 22
4924 20
4925 28
4926 24
4927 18
4928 6
4929 -10
4930 6
4931 -8
4932 8
4933 10
4934 0
4935 -24
4936 -24
4937 -26
4938 -22
4939 -32
4940 -42
4941 -42
4942 -56
4943 -50
4944 -50
4945 -48
4946 -32
4947 -12
4948 -6
4949 16
4950 22
4951 28
4952 22
4953 16
4954 22
4955 20
4956 22
4957 8
4958 2
4959 10
4960 18
4961 10
4962 10
4963 8
4964 4
4965 -6
4966 -2
4967 24
4968 22
4969 26
4970 28
4971 44
4972 50
4973 46
4974 34
4975 32
4976 60
4977 68
4978 74
4979 60
4980 40
4981 48
4982 54
4983 44
4984 54
4985 62
4986 48
4987 22
4988 12
4989 18
4990 26
4991 26
4992 16
4993 16
4994 26
4995 28
4996 52
4997 58
4998 44
4999 56
5000 64
