Magnetism Number of times done
0 -18
1 -14
2 -14
3 -4
4 -14
5 -24
6 -38
7 -42
8 -50
9 -46
10 -46
11 -54
12 -30
13 -36
14 -58
15 -52
16 -56
17 -66
18 -50
19 -52
20 -44
21 -8
22 14
23 24
24 16
25 22
26 20
27 18
28 18
29 4
30 -10
31 -18
32 -36
33 -14
34 -2
35 12
36 12
37 12
38 20
39 30
40 4
41 14
42 20
43 -6
44 -16
45 -20
46 -8
47 -4
48 -20
49 -12
50 6
51 -2
52 -22
53 -46
54 -20
55 -18
56 -24
57 -28
58 -26
59 -18
60 -16
61 -14
62 -12
63 -34
64 -28
65 -18
66 -22
67 -6
68 -18
69 6
70 10
71 12
72 12
73 -6
74 0
75 4
76 -10
77 -28
78 -44
79 -46
80 -42
81 -48
82 -32
83 -40
84 -36
85 -40
86 -34
87 -44
88 -54
89 -34
90 -40
91 -46
92 -30
93 -38
94 -44
95 -54
96 -64
97 -48
98 -40
99 -50
100 -44
101 -46
102 -16
103 -14
104 -34
105 -48
106 -32
107 -32
108 -20
109 -16
110 -18
111 -8
112 -2
113 0
114 16
115 32
116 18
117 44
118 50
119 48
120 46
121 40
122 52
123 66
124 66
125 66
126 56
127 52
128 42
129 36
130 24
131 28
132 36
133 20
134 16
135 -4
136 -10
137 8
138 6
139 14
140 18
141 10
142 8
143 -6
144 -20
145 -26
146 -20
147 -24
148 -32
149 -20
150 -20
151 -8
152 -2
153 -6
154 4
155 12
156 2
157 18
158 26
159 22
160 16
161 32
162 20
163 -4
164 -4
165 -10
166 -2
167 -4
168 -2
169 8
170 18
171 26
172 16
173 16
174 12
175 26
176 10
177 0
178 -2
179 -14
180 -26
181 -12
182 -12
183 -4
184 -12
185 -6
186 -12
187 10
188 20
189 30
190 36
191 38
192 32
193 30
194 10
195 8
196 -2
197 6
198 4
199 8
200 0
201 0
202 -14
203 -14
204 -12
205 -22
206 -16
207 -22
208 -10
209 -28
210 -20
211 -12
212 0
213 10
214 22
215 14
216 12
217 34
218 34
219 14
220 18
221 22
222 18
223 10
224 4
225 -4
226 -6
227 -4
228 -8
229 -22
230 -22
231 -24
232 -26
233 -22
234 -36
235 -32
236 -34
237 -22
238 0
239 -4
240 4
241 2
242 -4
243 0
244 14
245 28
246 36
247 44
248 58
249 50
250 56
251 56
252 56
253 66
254 56
255 54
256 62
257 48
258 36
259 54
260 46
261 38
262 46
263 50
264 56
265 24
266 32
267 12
268 6
269 -4
270 -14
271 -2
272 18
273 10
274 22
275 32
276 34
277 30
278 12
279 10
280 6
281 14
282 18
283 14
284 4
285 12
286 6
287 16
288 -26
289 -16
290 -2
291 -4
292 6
293 16
294 4
295 6
296 4
297 4
298 -4
299 8
300 12
301 14
302 20
303 10
304 4
305 14
306 12
307 -6
308 2
309 -24
310 -24
311 -26
312 -28
313 -18
314 -28
315 -16
316 -16
317 -6
318 14
319 4
320 -8
321 8
322 -4
323 -4
324 -2
325 -2
326 6
327 10
328 18
329 32
330 42
331 34
332 24
333 22
334 26
335 22
336 6
337 10
338 16
339 12
340 20
341 10
342 20
343 30
344 40
345 32
346 34
347 30
348 14
349 26
350 14
351 20
352 34
353 46
354 18
355 8
356 6
357 36
358 32
359 24
360 22
361 30
362 40
363 18
364 6
365 14
366 12
367 6
368 -2
369 6
370 0
371 8
372 2
373 -2
374 -12
375 -14
376 -10
377 -8
378 -4
379 -4
380 -14
381 -24
382 -14
383 12
384 18
385 22
386 14
387 10
388 20
389 12
390 12
391 8
392 8
393 8
394 8
395 4
396 14
397 18
398 28
399 28
400 30
401 38
402 58
403 50
404 50
405 58
406 52
407 48
408 66
409 64
410 60
411 60
412 64
413 50
414 30
415 24
416 24
417 24
418 22
419 42
420 40
421 38
422 48
423 58
424 62
425 74
426 62
427 32
428 34
429 34
430 12
431 16
432 14
433 16
434 -2
435 -2
436 2
437 0
438 -18
439 -2
440 -10
441 -10
442 10
443 14
444 -8
445 14
446 16
447 4
448 -6
449 -12
450 2
451 -6
452 -14
453 -8
454 -14
455 -26
456 0
457 14
458 30
459 20
460 22
461 10
462 4
463 -8
464 -2
465 4
466 0
467 0
468 -10
469 10
470 12
471 12
472 18
473 28
474 10
475 12
476 26
477 24
478 22
479 6
480 16
481 10
482 14
483 22
484 26
485 14
486 18
487 14
488 2
489 2
490 -16
491 -38
492 -42
493 -40
494 -52
495 -38
496 -22
497 -22
498 -34
499 -62
500 -44
501 -30
502 -24
503 -16
504 -36
505 -40
506 -38
507 -18
508 -28
509 -34
510 -28
511 -24
512 -32
513 -56
514 -56
515 -52
516 -70
517 -54
518 -54
519 -46
520 -40
521 -32
522 -40
523 -40
524 -28
525 -22
526 -16
527 -24
528 -22
529 -18
530 -16
531 -18
532 -20
533 -28
534 -36
535 -40
536 -34
537 -30
538 -14
539 -22
540 -20
541 -18
542 -26
543 -28
544 -52
545 -46
546 -58
547 -32
548 -20
549 -6
550 -30
551 -8
552 4
553 10
554 -2
555 -18
556 -12
557 -12
558 8
559 14
560 24
561 26
562 28
563 30
564 26
565 18
566 4
567 26
568 14
569 24
570 30
571 30
572 12
573 24
574 30
575 26
576 32
577 32
578 20
579 22
580 34
581 36
582 58
583 74
584 76
585 62
586 66
587 50
588 50
589 48
590 28
591 12
592 26
593 42
594 40
595 48
596 40
597 30
598 22
599 28
600 18
601 20
602 30
603 36
604 42
605 30
606 6
607 10
608 28
609 38
610 42
611 40
612 32
613 32
614 28
615 14
616 -2
617 -10
618 -18
619 -16
620 -22
621 -48
622 -50
623 -52
624 -50
625 -26
626 -32
627 -22
628 -16
629 -24
630 -18
631 -20
632 -6
633 -6
634 -14
635 -28
636 -36
637 -32
638 -32
639 -36
640 -42
641 -40
642 -44
643 -52
644 -58
645 -34
646 -26
647 -26
648 -14
649 22
650 14
651 16
652 14
653 2
654 2
655 6
656 6
657 10
658 14
659 18
660 16
661 24
662 34
663 24
664 20
665 18
666 36
667 24
668 28
669 26
670 42
671 50
672 46
673 38
674 46
675 44
676 36
677 52
678 30
679 32
680 34
681 26
682 26
683 26
684 42
685 44
686 42
687 34
688 34
689 14
690 20
691 16
692 22
693 20
694 20
695 28
696 6
697 -6
698 2
699 -8
700 -20
701 -24
702 -52
703 -22
704 -22
705 -30
706 -32
707 -20
708 -24
709 -26
710 -6
711 -16
712 -32
713 -18
714 0
715 -2
716 10
717 2
718 0
719 -20
720 -24
721 -22
722 -38
723 -52
724 -32
725 -26
726 -14
727 -20
728 -10
729 -4
730 -2
731 -20
732 -18
733 -14
734 -4
735 -10
736 4
737 10
738 14
739 22
740 30
741 44
742 16
743 28
744 32
745 30
746 14
747 10
748 14
749 12
750 2
751 10
752 16
753 -4
754 0
755 18
756 4
757 18
758 12
759 6
760 -2
761 8
762 -10
763 -28
764 -12
765 4
766 2
767 -10
768 -12
769 -20
770 -20
771 -18
772 2
773 0
774 -18
775 -6
776 -8
777 6
778 -2
779 2
780 6
781 0
782 8
783 16
784 10
785 18
786 24
787 6
788 26
789 30
790 46
791 50
792 42
793 42
794 8
795 12
796 -10
797 2
798 2
799 6
800 -14
801 -18
802 -46
803 -30
804 -38
805 -42
806 -24
807 -18
808 -10
809 -6
810 -4
811 -12
812 4
813 -2
814 -14
815 6
816 14
817 28
818 34
819 34
820 42
821 44
822 44
823 48
824 48
825 20
826 28
827 24
828 34
829 24
830 20
831 12
832 8
833 10
834 10
835 4
836 2
837 10
838 -14
839 -12
840 -4
841 -4
842 -24
843 -22
844 -8
845 -6
846 10
847 2
848 10
849 8
850 26
851 24
852 36
853 42
854 22
855 20
856 16
857 4
858 8
859 24
860 4
861 0
862 -6
863 2
864 10
865 22
866 38
867 18
868 22
869 32
870 34
871 42
872 40
873 42
874 54
875 56
876 52
877 48
878 48
879 56
880 48
881 40
882 50
883 34
884 26
885 40
886 26
887 42
888 42
889 74
890 52
891 64
892 36
893 16
894 20
895 4
896 -2
897 8
898 -12
899 -12
900 -14
901 -4
902 -2
903 -14
904 -26
905 -36
906 -28
907 -38
908 -38
909 -30
910 -30
911 -20
912 -22
913 -18
914 -16
915 -8
916 -4
917 10
918 -4
919 -14
920 -10
921 -40
922 -28
923 -24
924 -18
925 -6
926 10
927 -8
928 6
929 8
930 12
931 20
932 30
933 46
934 46
935 36
936 52
937 60
938 52
939 40
940 36
941 32
942 12
943 20
944 32
945 46
946 44
947 24
948 32
949 34
950 30
951 40
952 50
953 68
954 66
955 54
956 56
957 56
958 48
959 52
960 66
961 80
962 62
963 74
964 62
965 56
966 70
967 78
968 86
969 90
970 94
971 78
972 66
973 52
974 50
975 40
976 38
977 46
978 54
979 40
980 38
981 34
982 48
983 40
984 42
985 42
986 52
987 40
988 26
989 12
990 4
991 -4
992 2
993 -4
994 4
995 -12
996 -16
997 -16
998 -20
999 -22
1000 -16
